date,stock_id,Trading_Volume,Trading_money,open,max,min,close,spread,Trading_turnover,5ema,10ema,22ema,66ema,264ema
2008-01-02,1742,26000,1079900,41.0,41.9,40.9,41.6,0.7,15,,,,,
2008-01-03,1742,19000,775000,41.1,41.1,40.65,40.95,-0.65,14,,,,,
2008-01-04,1742,14000,575200,41.45,41.45,40.7,40.85,-0.1,12,,,,,
2008-01-07,1742,11000,443550,40.7,40.7,40.15,40.15,-0.7,10,,,,,
2008-01-08,1742,14000,561600,40.15,40.15,40.05,40.1,-0.05,12,40.730000000000004,,,,
2008-01-09,1742,39000,1564100,40.1,40.4,40.0,40.4,0.3,28,40.620000000000005,,,,
2008-01-10,1742,29000,1167900,40.4,40.6,40.2,40.2,-0.2,18,40.480000000000004,,,,
2008-01-11,1742,54000,2199100,40.7,41.2,40.5,41.2,1.0,27,40.720000000000006,,,,
2008-01-14,1742,28000,1156100,41.3,41.8,41.0,41.15,-0.05,17,40.86333333333334,,,,
2008-01-15,1742,35000,1457950,41.65,41.95,41.4,41.5,0.35,26,41.07555555555556,40.809999999999995,,,
2008-01-16,1742,21000,867200,41.5,41.5,41.2,41.2,-0.3,18,41.11703703703704,40.880909090909086,,,
2008-01-17,1742,26000,1073350,41.4,41.5,41.15,41.45,0.25,13,41.22802469135803,40.98438016528925,,,
2008-01-18,1742,10000,412000,41.2,41.2,41.2,41.2,-0.25,5,41.21868312757202,41.0235837716003,,,
2008-01-21,1742,32000,1321700,41.2,41.4,41.2,41.35,0.15,12,41.26245541838135,41.08293217676388,,,
2008-01-22,1742,65000,2592500,40.9,40.9,39.4,40.5,-0.85,34,41.00830361225423,40.97694450826136,,,
2008-01-23,1742,59000,2359250,40.5,40.5,39.65,39.7,-0.8,26,40.57220240816949,40.74477277948657,,,
2008-01-24,1742,31000,1231100,39.7,39.8,39.7,39.7,0.0,15,40.281468272112996,40.55481409230719,,,
2008-01-25,1742,12000,480600,39.8,40.6,39.8,40.0,0.3,9,40.187645514741995,40.45393880279679,,,
2008-01-28,1742,13000,513500,39.5,39.5,39.5,39.5,-0.5,5,39.95843034316133,40.280495384106466,,,
2008-01-29,1742,3000,120800,40.3,40.3,40.2,40.2,0.7,2,40.03895356210756,40.26585985972347,,,
2008-01-30,1742,77000,3029600,40.0,40.0,39.2,39.5,-0.7,28,39.85930237473837,40.12661261250102,,,
2008-01-31,1742,38000,1530500,40.4,40.7,39.9,39.9,0.4,16,39.87286824982558,40.08541031931902,40.55909090909091,,
2008-02-01,1742,29000,1173150,40.0,40.5,40.0,40.5,0.6,16,40.08191216655039,40.16079026126101,40.553952569169965,,
2008-02-12,1742,11000,440700,40.1,40.5,40.0,40.0,-0.5,6,40.054608111033595,40.131555668304465,40.50578278054649,,
2008-02-13,1742,35000,1406200,40.3,40.4,40.1,40.1,0.1,19,40.06973874068906,40.12581827406729,40.47049732136853,,
2008-02-14,1742,15000,604800,40.15,40.4,40.15,40.4,0.3,15,40.17982582712604,40.17566949696415,40.4643671195104,,
2008-02-15,1742,41000,1675600,40.4,41.5,40.4,41.5,1.1,33,40.61988388475069,40.41645686115248,40.55442215259645,,
2008-02-18,1742,39000,1636500,41.0,42.2,41.0,42.2,0.7,26,41.14658925650046,40.74073743185203,40.69751587845763,,
2008-02-19,1742,21000,888900,42.2,42.5,42.2,42.5,0.3,17,41.59772617100031,41.060603353333484,40.85425362815697,,
2008-02-20,1742,24000,1010300,42.45,42.5,42.0,42.0,-0.5,16,41.73181744733354,41.23140274363649,40.95388374744767,,
2008-02-21,1742,48000,2036800,42.2,42.5,42.15,42.5,0.5,33,41.98787829822236,41.462056790248035,41.08832863897396,,
2008-02-22,1742,62000,2656500,42.5,43.5,42.5,43.5,1.0,31,42.49191886548157,41.83259191929385,41.298039192106664,,
2008-02-25,1742,96000,4276950,44.5,45.3,43.8,44.9,1.4,65,43.29461257698772,42.39030247942224,41.611253175401735,,
2008-02-26,1742,60000,2688750,45.2,45.3,44.6,44.6,-0.3,34,43.729741717991814,42.792065664981834,41.87114420362767,,
2008-02-27,1742,12000,531000,44.2,44.7,44.2,44.7,0.1,10,44.05316114532788,43.13896281680332,42.11713166418179,,
2008-02-29,1742,46000,2058100,44.2,44.9,44.2,44.8,0.1,24,44.302107430218584,43.440969577384536,42.35042456294859,,
2008-03-03,1742,51000,2265950,44.8,44.8,44.35,44.35,-0.45,26,44.31807162014572,43.606247836041895,42.52430068790958,,
2008-03-04,1742,40000,1790600,44.5,45.15,44.45,45.0,0.65,19,44.54538108009715,43.859657320397915,42.73957888896092,,
2008-03-05,1742,93000,4213850,45.25,45.5,45.05,45.1,0.1,44,44.7302540533981,44.085174171234655,42.94483289861649,,
2008-03-06,1742,26000,1174350,45.2,45.35,45.1,45.2,0.1,22,44.88683603559873,44.28786977646472,43.14093438569331,,
2008-03-07,1742,24000,1078600,45.3,45.3,44.6,44.65,-0.55,17,44.807890690399155,44.353711635289315,43.27215748258955,,
2008-03-10,1742,55000,2455350,44.65,44.85,44.5,44.85,0.2,24,44.82192712693277,44.44394588341853,43.40936117975568,,
2008-03-11,1742,37000,1656850,44.6,45.0,44.5,45.0,0.15,16,44.88128475128851,44.545046631887885,43.547677598907356,,
2008-03-12,1742,58000,2637550,45.2,45.6,45.2,45.2,0.2,25,44.98752316752567,44.664129062453725,43.69135780769802,,
2008-03-13,1742,50000,2259100,45.0,45.5,45.0,45.05,-0.15,29,45.008348778350445,44.734287414734865,43.809500607028625,,
2008-03-14,1742,43000,1942250,45.1,45.5,45.05,45.3,0.25,21,45.10556585223363,44.837144248419435,43.9391092498957,,
2008-03-17,1742,27000,1200800,44.8,44.8,44.1,44.5,-0.8,23,44.90371056815575,44.77584529416136,43.98788235860042,,
2008-03-18,1742,46000,2059800,44.5,45.6,44.2,45.6,1.1,23,45.13580704543717,44.92569160431384,44.12806650133082,,
2008-03-19,1742,33000,1475150,45.6,45.6,44.5,44.75,-0.85,16,45.00720469695811,44.89374767625678,44.18214767512814,,
2008-03-20,1742,39000,1754300,45.0,45.05,44.75,44.8,0.05,24,44.93813646463874,44.87670264421009,44.23587396424743,,
2008-03-21,1742,54000,2434350,45.0,45.5,45.0,45.05,0.25,32,44.975424309759156,44.90821125435371,44.30666753257374,,
2008-03-24,1742,87000,3986000,45.9,46.0,45.65,46.0,0.95,49,45.316949539839435,45.10671829901667,44.453913834089064,,
2008-03-25,1742,76000,3485300,46.1,46.1,45.55,45.65,-0.35,38,45.427966359892956,45.20549679010455,44.55792132677697,,
2008-03-26,1742,115000,5332050,46.0,46.6,46.0,46.2,0.55,56,45.685310906595305,45.38631555554009,44.70071077662245,,
2008-03-27,1742,59000,2759200,46.2,46.85,46.2,46.8,0.6,26,46.0568739377302,45.643349090896436,44.8832576656118,,
2008-03-28,1742,81000,3849800,47.0,48.0,46.85,48.0,1.2,50,46.70458262515347,46.07183107436981,45.1542787381673,,
2008-03-31,1742,142000,6993350,48.0,49.9,47.8,49.35,1.35,84,47.58638841676898,46.66786178812075,45.51912406528319,,
2008-04-01,1742,65000,3179400,49.35,49.35,48.4,48.4,-0.95,51,47.85759227784599,46.98279600846244,45.76963501612813,,
2008-04-02,1742,34000,1654800,48.9,48.9,48.1,48.85,0.45,26,48.18839485189733,47.322287643287446,46.03749284081264,,
2008-04-03,1742,27000,1299000,48.4,48.9,48.0,48.0,-0.85,15,48.12559656793155,47.44550807178064,46.20814563726371,,
2008-04-07,1742,28000,1357850,48.05,48.85,48.05,48.85,0.85,26,48.36706437862104,47.70087024054779,46.43787210358861,,
2008-04-08,1742,27000,1317200,49.0,49.15,48.3,49.15,0.3,18,48.62804291908069,47.964348378630014,46.67370931197221,,
2008-04-09,1742,50000,2415900,48.8,48.8,48.0,48.15,-1.0,28,48.46869527938713,47.9981032188791,46.802082415278974,,
2008-04-10,1742,81000,3906600,48.3,48.5,48.0,48.0,-0.15,42,48.31246351959142,47.99844808817381,46.90624916177646,,
2008-04-11,1742,86000,4235350,48.8,50.0,48.8,48.8,0.8,39,48.47497567972761,48.14418479941494,47.07092314770894,,
2008-04-14,1742,34000,1651200,48.5,49.1,48.5,49.1,0.3,21,48.68331711981841,48.317969381339495,47.247364613125555,43.63939393939395,
2008-04-15,1742,92000,4468600,48.65,49.0,48.3,48.3,-0.8,51,48.55554474654561,48.31470222109595,47.33889812502768,43.77851650836726,
2008-04-16,1742,61000,2967450,48.5,49.0,48.1,48.55,0.25,41,48.55369649769707,48.35748363544214,47.44421133154702,43.92094885140107,
2008-04-17,1742,30000,1460200,48.6,48.9,48.6,48.9,0.35,18,48.66913099846471,48.456122974452654,47.570801650542926,44.06957724389656,
2008-04-18,1742,77000,3789300,48.9,49.5,48.7,49.2,0.3,57,48.84608733230981,48.59137334273399,47.71247107223485,44.222724191839944,
2008-04-21,1742,105000,5250850,49.65,50.5,49.65,50.0,0.8,80,49.23072488820654,48.84748728041872,47.91138663117095,44.39518018611338,
2008-04-22,1742,55000,2738550,50.0,50.0,49.7,49.7,-0.3,30,49.38714992547103,49.00248959306986,48.06691822846043,44.55353301637865,
2008-04-23,1742,33000,1635050,49.7,49.7,49.4,49.7,0.0,22,49.49143328364735,49.12930966705716,48.208925339029086,44.70715889648675,
2008-04-24,1742,29000,1438700,49.55,49.8,49.55,49.65,-0.05,19,49.544288855764904,49.22398063668313,48.33423617911351,44.85470639211401,
2008-04-25,1742,29000,1449200,50.0,50.1,49.8,50.0,0.35,20,49.696192570509936,49.36507506637711,48.47908520701668,45.00829724608076,
2008-04-28,1742,144000,7434000,50.3,52.6,50.3,51.6,1.6,81,50.330795047006625,49.771425054308544,48.75046910205871,45.205064492466406,
2008-04-29,1742,79000,4038100,52.0,52.0,50.5,50.6,-1.0,54,50.42053003133775,49.922075044434266,48.911297875792734,45.366107343437555,
2008-04-30,1742,81000,4054900,50.6,50.6,49.7,49.8,-0.8,57,50.2136866875585,49.899879581809856,48.98857632137597,45.49846234811106,
2008-05-02,1742,78000,3906100,50.0,50.5,49.9,50.1,0.3,39,50.175791125039,49.93626511238988,49.08522185864763,45.63582168100327,
2008-05-05,1742,49000,2477000,50.4,50.9,50.4,50.6,0.5,31,50.31719408335933,50.05694418286445,49.216941697026094,45.78400610843601,
2008-05-06,1742,51000,2595200,50.6,51.3,50.6,50.9,0.3,39,50.51146272223956,50.210227058707275,49.36329459293687,45.936722344005084,
2008-05-07,1742,87000,4416400,50.9,51.2,50.6,50.6,-0.3,48,50.5409751481597,50.28109486621504,49.470834193551056,46.07592466209449,
2008-05-08,1742,16000,809800,50.6,50.8,50.6,50.8,0.2,13,50.6273167654398,50.375441254175946,49.58641382889444,46.21694183636032,
2008-05-09,1742,57000,2905000,50.8,51.5,50.7,50.7,-0.1,43,50.6515445102932,50.43445193523487,49.68324740899058,46.35076446811076,
2008-05-12,1742,16000,813100,51.0,51.0,50.6,50.9,0.2,11,50.73436300686213,50.51909703791944,49.78905198212183,46.486562543689544,
2008-05-13,1742,39000,1984000,50.5,51.2,50.5,50.9,0.0,30,50.78957533790809,50.588352121934086,49.8856561575895,46.618306945370456,
2008-05-14,1742,48000,2485000,51.0,52.0,51.0,51.8,0.9,30,51.12638355860539,50.808651736127885,50.05212083953824,46.77298434998627,
2008-05-15,1742,79000,4098100,52.0,52.2,51.5,51.5,-0.3,48,51.25092237240359,50.93435142046827,50.178023375230566,46.914089294762796,
2008-05-16,1742,46000,2367900,51.6,51.7,51.3,51.3,-0.2,26,51.2672815816024,51.00083298038313,50.27558655999312,47.04501200238182,
2008-05-19,1742,37000,1898600,50.3,51.9,50.3,51.5,0.2,29,51.344854387734934,51.09159062031347,50.38205729390676,47.17799671872863,
2008-05-20,1742,64000,3315200,51.7,52.3,51.1,51.7,0.2,42,51.46323625848996,51.2022105075292,50.496661007480085,47.31298189130389,
2008-05-21,1742,14000,724100,51.9,51.9,51.5,51.8,0.1,12,51.575490838993304,51.310899506160254,50.6099948329166,47.446922730369444,
2008-05-22,1742,32000,1639000,52.0,52.0,51.0,51.1,-0.7,25,51.416993892662205,51.272554141403845,50.652603977880375,47.55596981304498,
2008-05-23,1742,13000,666400,51.2,51.5,51.2,51.2,0.1,10,51.34466259510814,51.25936247933042,50.700203631977736,47.6647468335511,
2008-05-26,1742,115000,5780800,51.2,51.2,49.9,50.8,-0.4,74,51.16310839673876,51.17584202854307,50.70888157702315,47.75833648031077,
2008-05-27,1742,10000,504300,50.1,50.7,50.1,50.6,-0.2,7,50.97540559782584,51.07114347789888,50.69941361380374,47.84316225701791,
2008-05-28,1742,7000,351500,50.4,50.6,50.1,50.6,0.0,6,50.85027039855056,50.98548102737181,50.69076895173385,47.925455920987524,
2008-05-29,1742,15000,754600,50.5,50.5,50.2,50.4,-0.2,11,50.700180265700375,50.87902993148603,50.665484695061345,47.99932290842073,
2008-05-30,1742,57000,2852900,50.4,50.4,49.8,50.2,-0.2,23,50.53345351046692,50.755569943943115,50.62500776505601,48.065014761900706,
2008-06-02,1742,9000,448900,49.5,50.0,49.5,49.7,-0.5,5,50.25563567364461,50.56364813595346,50.54457230722505,48.11382029139621,
2008-06-03,1742,51000,2543250,49.7,50.4,49.7,50.4,0.7,19,50.30375711576308,50.533893929416465,50.53200080224896,48.18206446180229,
2008-06-04,1742,16000,800400,50.4,50.4,49.8,50.0,-0.4,11,50.20250474384205,50.436822305886196,50.48573986292296,48.2363311942858,
2008-06-05,1742,13000,655300,50.0,50.5,50.0,50.5,0.5,10,50.30166982922803,50.448309159361436,50.4869798748427,48.30390339744145,
2008-06-06,1742,30000,1516500,50.6,50.8,50.4,50.6,0.1,23,50.40111321948535,50.475889312204814,50.496807711812906,48.372443594532754,
2008-06-09,1742,25000,1253100,50.1,50.3,50.1,50.1,-0.5,18,50.30074214632357,50.407545800894844,50.46230269339439,48.42401244245715,
2008-06-10,1742,34000,1735600,51.5,51.9,50.4,50.8,0.7,30,50.46716143088238,50.478901109823056,50.491667676577485,48.494937444174845,
2008-06-11,1742,93000,4762600,51.8,51.8,50.6,50.8,0.0,64,50.57810762058825,50.53728272621886,50.518479182962054,48.563745281662165,
2008-06-12,1742,57000,2840700,50.4,50.4,49.1,49.6,-1.2,37,50.252071747058835,50.36686768508816,50.43861142792188,48.59467825832897,
2008-06-13,1742,29000,1437600,49.0,50.0,49.0,49.8,0.2,25,50.10138116470589,50.263800833253946,50.38307999940693,48.63065801181168,
2008-06-16,1742,24000,1198600,50.0,50.0,49.8,49.8,0.0,16,50.00092077647059,50.17947340902595,50.33237739076285,48.66556374280238,
2008-06-17,1742,52000,2566850,49.8,49.8,49.0,49.45,-0.35,31,49.81728051764706,50.04684188011214,50.255648922000866,48.688979750479916,
2008-06-18,1742,54000,2692550,49.7,50.0,49.7,50.0,0.55,21,49.87818701176471,50.03832517463721,50.23341858095731,48.72811468330141,
2008-06-19,1742,19000,950000,50.0,50.0,50.0,50.0,0.0,15,49.91879134117647,50.031356961066805,50.21312131304798,48.76608140917301,
2008-06-20,1742,54000,2696900,50.2,50.2,49.5,49.9,-0.1,23,49.91252756078431,50.00747387723648,50.185893372782935,48.7999297253171,
2008-06-23,1742,33000,1623800,49.9,49.9,49.0,49.8,-0.1,19,49.87501837385621,49.96975135410257,50.15233742732355,48.82978256933748,
2008-06-24,1742,123000,6039250,49.5,49.5,48.8,48.8,-1.0,42,49.51667891590414,49.757069289720285,50.03474286842585,48.82889353741696,
2008-06-25,1742,35000,1704300,48.6,49.45,48.1,49.45,0.65,24,49.49445261060276,49.701238509771144,49.98389566247578,48.84743402883735,
2008-06-26,1742,55000,2700500,49.0,49.4,48.5,49.2,-0.25,19,49.39630174040184,49.6101042352673,49.9157308222605,48.85795838618549,
2008-06-27,1742,42000,2016700,48.5,48.5,47.7,47.9,-1.3,31,48.89753449360123,49.29917619249143,49.74044988119437,48.82936261346353,
2008-06-30,1742,41000,1961000,48.1,48.1,47.5,47.5,-0.4,24,48.43168966240082,48.97205324840208,49.54562815239486,48.789680147389994,
2008-07-01,1742,26000,1230600,47.5,47.8,47.0,47.0,-0.5,18,47.95445977493388,48.61349811232897,49.32426918262139,48.7362568594082,
2008-07-02,1742,99000,4665600,47.0,47.35,46.7,47.0,0.0,44,47.63630651662259,48.32013481917825,49.12215881891518,48.68442829644079,
2008-07-03,1742,38000,1773100,46.8,46.8,46.5,46.75,-0.25,27,47.340871011081724,48.03465576114584,48.91588413900951,48.62668416818883,
2008-07-04,1742,18000,846000,47.0,47.4,46.8,46.8,0.05,12,47.16058067405448,47.810172895482964,48.73189421387825,48.57215628257126,
2008-07-07,1742,34000,1604100,47.2,47.2,47.05,47.2,0.4,12,47.173720449369654,47.69923236903151,48.598686021367094,48.53119639353928,
2008-07-08,1742,38000,1770000,47.2,47.2,46.2,46.2,-1.0,20,46.84914696624644,47.42664466557124,48.39010462820474,48.46160844149333,
2008-07-09,1742,29000,1338050,46.1,46.3,46.1,46.25,0.05,13,46.649431310830956,47.21270927183102,48.20400857357824,48.3955902790607,
2008-07-10,1742,6000,274950,45.95,45.95,45.8,45.8,-0.45,5,46.36628754055397,46.95585304058901,47.99496434978883,48.31810997222306,
2008-07-11,1742,37000,1746550,46.5,47.3,46.5,47.25,1.45,22,46.66085836036931,47.00933430593646,47.93018484111154,48.28622609245521,
2008-07-14,1742,7000,331300,47.2,47.95,47.15,47.25,0.0,7,46.857238906912876,47.0530917048571,47.8710383331888,48.255293970292364,
2008-07-15,1742,1000,49900,49.9,49.9,49.9,49.9,2.65,1,47.871492604608584,47.570711394883084,48.04746978247673,48.3043896726717,
2008-07-16,1742,65000,3089600,47.5,47.9,47.0,47.0,-2.9,30,47.58099506973905,47.466945686722525,47.95638545356571,48.265452667517316,
2008-07-17,1742,9000,429100,47.9,47.9,47.5,47.8,0.8,7,47.653996713159366,47.52750101640934,47.94278671847304,48.251558558039186,
2008-07-18,1742,44000,2087950,48.8,48.8,47.0,47.0,-0.8,17,47.43599780877291,47.43159174069855,47.86080526469277,48.21419860108279,
2008-07-21,1742,19000,891300,46.5,47.3,46.5,46.7,-0.3,12,47.19066520584861,47.298575060571544,47.75986567645862,48.168998642841515,
2008-07-22,1742,11000,511300,46.7,46.75,46.2,46.7,0.0,8,47.027110137232405,47.18974323137672,47.667703443723084,48.12514793708505,
2008-07-23,1742,11000,524000,46.7,47.9,46.7,47.9,1.2,7,47.318073424821605,47.31888082567186,47.6879031442689,48.11842710314222,
2008-07-24,1742,8000,384800,47.9,48.5,47.9,48.2,0.3,7,47.61204894988107,47.47908431191334,47.732433305636825,48.12086211498872,
2008-07-25,1742,64000,3087300,48.3,48.5,47.9,48.3,0.1,29,47.84136596658738,47.628341709747275,47.781786931233626,48.126209514541294,
2008-07-29,1742,15000,738200,50.8,50.8,48.25,48.5,0.2,10,48.06091064439159,47.78682503524777,47.84424024156114,48.13736743948036,
2008-07-30,1742,22000,1077200,49.7,49.8,48.55,48.55,0.05,17,48.22394042959439,47.92558411974818,47.90561065533843,48.14968482934662,
2008-07-31,1742,36000,1744400,48.0,48.7,48.0,48.1,-0.45,17,48.18262695306293,47.957296097975785,47.922514076613346,48.14820170011239,
2008-08-01,1742,8000,379200,47.2,47.5,47.2,47.5,-0.6,6,47.955084635375286,47.87415135288928,47.88577372212523,48.12885239563142,
2008-08-04,1742,13000,622200,47.7,47.95,47.5,47.95,0.45,5,47.953389756916856,47.887942016000316,47.89135861585347,48.123513518149885,
2008-08-05,1742,21000,986950,47.15,47.15,46.8,47.0,-0.95,14,47.635593171277904,47.72649801309117,47.81384917099665,48.089975801190185,
2008-08-06,1742,30000,1413500,47.2,47.3,46.0,47.3,0.3,9,47.52372878085193,47.648952919801864,47.76916663438824,48.06639443399048,
2008-08-07,1742,26000,1214100,46.7,47.3,46.5,47.3,0.0,18,47.44915252056796,47.585506934383346,47.728369535745784,48.04351698819972,
2008-08-08,1742,38000,1788900,47.1,47.9,46.8,47.9,0.6,24,47.59943501371197,47.64268749176819,47.743293923941806,48.03923289899973,
2008-08-11,1742,100000,4943600,49.5,49.9,48.65,49.7,1.8,63,48.299623342474646,48.0167443114467,47.91344227838165,48.08880803634302,
2008-08-12,1742,143000,7198100,49.7,51.2,49.5,50.1,0.4,69,48.8997488949831,48.395518073001845,48.10357773243542,48.1488436173477,
2008-08-13,1742,122000,6142200,50.2,51.2,49.8,50.4,0.3,69,49.3998325966554,48.75996933245605,48.30326662526712,48.21604231533732,
2008-08-14,1742,58000,2923000,50.1,50.5,50.1,50.5,0.1,25,49.766555064436936,49.07633854473677,48.49428691872215,48.284220156670536,
2008-08-15,1742,70000,3515350,50.4,50.5,49.85,49.85,-0.65,30,49.79437004295796,49.21700426387554,48.61217501274631,48.33095985348634,
2008-08-18,1742,47000,2296950,47.0,49.8,47.0,49.3,-0.55,19,49.629580028638635,49.232094397716345,48.671985881203156,48.359886425024065,
2008-08-19,1742,29000,1423950,48.9,49.5,48.8,49.5,0.2,17,49.58638668575909,49.28080450722246,48.74398710892462,48.39391966606812,
2008-08-20,1742,42000,2087000,49.5,50.0,49.5,49.7,0.2,21,49.62425779050606,49.357021869545655,48.82711866467031,48.432907138722804,
2008-08-21,1742,128000,6444000,49.7,50.9,49.7,50.2,0.5,71,49.81617186033737,49.510290620537354,48.94649965035115,48.485656179357946,
2008-08-22,1742,49000,2452800,50.5,50.5,49.8,49.8,-0.4,20,49.81078124022491,49.56296505316693,49.020717072059746,48.52489032325771,
2008-08-25,1742,85000,4272800,50.2,50.5,50.0,50.4,0.6,42,50.00718749348327,49.715153225318396,49.14065471796759,48.580863746444045,
2008-08-26,1742,68000,3395700,49.5,50.2,49.5,49.7,-0.7,27,49.90479166232218,49.712398093442324,49.189293438144325,48.614270798789,
2008-08-27,1742,52000,2603300,49.8,50.3,49.6,50.2,0.5,33,50.003194441548125,49.80105298554372,49.27718096526221,48.66160599882515,
2008-08-28,1742,280000,14455700,51.4,52.4,50.6,51.6,1.4,134,50.53546296103208,50.12813426089941,49.47916522915246,48.74931925259157,
2008-08-29,1742,200000,10525200,52.2,53.2,52.0,52.8,1.2,131,51.29030864068805,50.61392803164497,49.76793347009572,48.87023509579779,
2008-09-01,1742,248000,13242000,52.7,54.2,52.6,53.8,1.0,140,52.12687242712537,51.193213844073156,50.11854795095696,49.01739225711726,
2008-09-02,1742,149000,7937700,53.8,54.0,52.4,53.0,-0.8,93,52.41791495141691,51.521720417878036,50.36910899869983,49.13627607033764,
2008-09-03,1742,278000,14253100,52.3,52.3,50.1,50.6,-2.4,117,51.811943300944606,51.35413488735476,50.38918647707376,49.17996932196935,
2008-09-04,1742,167000,8327550,50.6,50.6,48.5,49.6,-1.0,98,51.074628867296404,51.035201271472076,50.32056156602386,49.1925075511643,
2008-09-05,1742,205000,10062650,47.0,50.0,47.0,49.5,-0.1,113,50.549752578197605,50.75607376756806,50.24920838636962,49.20168643023402,
2008-09-08,1742,267000,11371500,42.7,43.5,41.55,43.0,0.0,179,48.03316838546507,49.34587853710114,49.61884243972878,49.01656146216733,
2008-09-09,1742,96000,4114100,43.0,43.4,42.35,42.9,-0.1,63,46.32211225697671,48.17390062126457,49.03459527105671,48.83397753792353,
2008-09-10,1742,125000,5499350,43.1,44.5,43.1,43.5,0.6,72,45.38140817131781,47.324100508307374,48.553326117051775,48.67475432783626,
2008-09-11,1742,98000,4228350,43.0,43.8,43.0,43.0,-0.5,52,44.58760544754521,46.537900415887854,48.07042819382988,48.50535867625906,
2008-09-12,1742,107000,4532250,43.1,43.5,41.65,43.0,0.0,70,44.058403631696805,45.894645794817336,47.629521394366414,48.3410196112961,
2008-09-15,1742,126000,5202400,41.9,42.3,40.2,40.3,-2.7,90,42.805602421131205,44.87743746848691,46.99217170789977,48.100989175138004,
2008-09-16,1742,106000,4075700,39.1,39.45,38.0,38.55,-1.75,76,41.387068280754136,43.72699429239838,46.25806982025631,47.815885020656275,
2008-09-17,1742,22000,860100,39.0,39.5,38.8,38.8,0.25,16,40.52471218716942,42.83117714832595,45.60954200979924,47.54675412451728,
2008-09-18,1742,144000,5258200,37.6,37.6,36.1,37.4,-1.4,73,39.48314145811295,41.84369039408487,44.89566879155583,47.243865941695866,
2008-09-19,1742,99000,3850250,38.3,39.5,37.8,39.3,1.9,58,39.42209430540863,41.38120123152398,44.40908889663793,47.00673561507808,
2008-09-22,1742,71000,2828000,40.2,40.35,39.5,39.9,0.6,44,39.58139620360575,41.11189191670144,44.01699420997377,46.79459425343396,
2008-09-23,1742,78000,3102850,39.2,41.75,38.9,41.0,1.1,51,40.054264135737164,41.091547931846634,43.75464688736735,46.62162129064488,
2008-09-24,1742,41000,1691450,41.0,41.5,40.45,41.5,0.5,31,40.536176090491445,41.16581194423816,43.55859063629193,46.46873707301369,
2008-09-25,1742,87000,3537500,40.5,41.5,40.0,41.0,-0.5,45,40.69078406032763,41.135664318013035,43.336104494005674,46.30549119023716,
2008-09-26,1742,62000,2500850,41.5,41.5,40.1,40.1,-0.9,24,40.49385604021842,40.94736171473794,43.05470410322257,46.12025264724501,
2008-09-30,1742,41000,1560850,37.5,38.9,37.5,38.5,-1.6,30,39.82923736014561,40.50238685751286,42.65864287685539,45.89278241896904,
2008-10-01,1742,16000,630450,39.5,39.85,39.05,39.8,1.3,11,39.819491573430405,40.37468015614689,42.4100652353897,45.71090831691026,
2008-10-02,1742,24000,952300,39.5,40.0,39.1,40.0,0.2,20,39.8796610489536,40.30655649139291,42.200494345355814,45.54043344177861,
2008-10-03,1742,27000,1078500,39.6,40.7,39.3,40.5,0.5,20,40.0864406993024,40.341728038412384,42.052625271846615,45.38997274202403,
2008-10-06,1742,19000,765750,40.35,40.5,40.0,40.2,-0.3,18,40.12429379953493,40.31595930415559,41.891527422120824,45.235048182560625,
2008-10-07,1742,41000,1600150,39.0,39.75,38.5,39.25,-0.95,29,39.83286253302329,40.12214852158185,41.66182938541466,45.056390027857326,
2008-10-08,1742,74000,2841000,39.0,39.0,38.0,38.5,-0.75,35,39.38857502201552,39.82721242674879,41.38688769972643,44.860676892697406,
2008-10-09,1742,57000,2161950,38.5,38.5,37.55,37.6,-0.9,39,38.79238334801035,39.422264712794465,41.05759311714152,44.64394026903479,
2008-10-13,1742,80000,2921800,36.8,36.8,36.3,36.3,-1.3,52,37.96158889867356,38.85458021955911,40.64388936782487,44.39486742518301,
2008-10-14,1742,112000,4337600,38.75,38.8,38.15,38.8,2.5,54,38.241059265782376,38.84465654327563,40.48355116192705,44.227856457267094,
2008-10-15,1742,28000,1062750,38.2,38.25,37.5,38.25,-0.55,16,38.24403951052158,38.73653717177097,40.28932932175948,44.04941298093076,
2008-10-16,1742,78000,2884850,36.95,37.4,36.95,36.95,-1.3,43,37.81269300701439,38.41171223144897,39.99895285899779,43.83749020538059,
2008-10-17,1742,92000,3331450,36.95,36.95,35.7,35.7,-1.25,48,37.10846200467626,37.9186736439128,39.625130871258854,43.5945800499961,
2008-10-20,1742,98000,3385950,35.1,35.1,34.5,34.5,-1.2,65,36.23897466978418,37.29709661774683,39.179467317236345,43.323100048503676,
2008-10-21,1742,32000,1124500,35.0,35.5,34.5,34.5,0.0,32,35.65931644652279,36.78853359633832,38.772557115737534,43.05972392765282,
2008-10-22,1742,24000,822900,34.0,34.85,34.0,34.5,0.0,18,35.27287763101519,36.37243657882226,38.40103041002123,42.80420978055871,
2008-10-23,1742,29000,966500,33.3,33.5,33.3,33.5,-1.0,18,34.681918420676794,35.85017538267276,37.97485385262808,42.5264721751689,
2008-10-24,1742,77000,2495200,32.4,32.55,32.35,32.35,-1.15,50,33.9046122804512,35.21377985855044,37.485736126312595,42.22269688635789,
2008-10-27,1742,38000,1176150,30.6,31.3,30.6,31.15,-1.2,31,32.986408186967466,34.47491079335945,36.9348025501115,41.892168621093475,
2008-10-28,1742,66000,1971550,29.7,31.0,29.0,30.9,-0.25,53,32.290938791311646,33.82492701274864,36.410037110971366,41.564044184642924,
2008-10-29,1742,61000,2000250,33.05,33.05,32.0,32.8,1.9,40,32.46062586087443,33.63857664679434,36.096120840452116,41.302430925399854,
2008-10-30,1742,60000,2077750,32.8,35.05,32.8,35.05,2.25,44,33.323750573916286,33.895199074649916,36.00515381084758,41.11579119628344,
2008-10-31,1742,98000,3487700,35.0,36.5,34.5,36.0,0.95,70,34.21583371594419,34.2778901519863,36.00470565338257,40.96308101131975,
2008-11-03,1742,132000,4801550,36.0,37.0,35.95,36.7,0.7,70,35.043889143962794,34.718273760716066,36.06516603134931,40.83582486172811,
2008-11-04,1742,83000,3013950,36.5,36.9,36.0,36.2,-0.5,46,35.42925942930853,34.987678531494964,36.07689072427545,40.697442030034736,
2008-11-05,1742,102000,3808400,37.0,38.0,36.55,36.9,0.7,69,35.91950628620569,35.33537334395042,36.148465443903675,40.584085551526236,
2008-11-06,1742,43000,1526550,35.9,36.0,35.1,35.8,-1.1,30,35.87967085747046,35.419850917777616,36.11816410095553,40.44127702760008,
2008-11-07,1742,35000,1248450,34.0,37.75,34.0,37.25,1.45,27,36.33644723831364,35.752605296363505,36.21658461391592,40.3460150267762,
2008-11-10,1742,58000,2187250,37.3,38.0,37.3,37.55,0.3,43,36.74096482554243,36.079404333388325,36.33253377792323,40.26255189164855,
2008-11-11,1742,46000,1731550,37.6,37.8,37.5,37.6,0.05,32,37.027309883694954,36.355876272772264,36.44274823201686,40.18307273070381,
2008-11-12,1742,39000,1445000,37.0,37.55,36.8,36.8,-0.8,25,36.951539922463304,36.436626041359126,36.47381360314583,40.08208548501116,
2008-11-13,1742,14000,505000,36.0,36.35,35.9,36.0,-0.8,11,36.63435994830887,36.35723948838474,36.43261242026358,39.96023218695113,
2008-11-14,1742,54000,1950500,36.5,37.2,35.6,36.0,0.0,34,36.422906632205915,36.29228685413297,36.39499394893631,39.84201630077349,
2008-11-17,1742,4000,143100,35.5,36.0,35.5,36.0,0.0,4,36.28193775480394,36.23914378974516,36.36064664902881,39.72732924701906,
2008-11-18,1742,37000,1293850,36.0,36.0,34.5,34.9,-1.1,30,35.82129183653596,35.99566310070058,36.233633896939345,39.583229866511026,
2008-11-19,1742,24000,833550,34.3,35.5,34.3,35.5,0.6,15,35.71419455769064,35.90554253693684,36.16983964503157,39.461342407809205,
2008-11-20,1742,29000,1001300,34.5,34.6,34.2,34.55,-0.95,22,35.326129705127094,35.65908025749378,36.028984023724476,39.314735171755196,
2008-11-21,1742,33000,1116050,34.0,35.55,33.1,35.55,1.0,20,35.4007531367514,35.639247483404,35.98733323905278,39.202355017374444,
2008-11-24,1742,48000,1712500,35.55,35.9,35.3,35.9,0.35,32,35.56716875783427,35.686657031875995,35.97973904435254,39.103777255661775,
2008-11-25,1742,17000,610500,36.1,36.2,35.6,35.6,-0.3,16,35.57811250522285,35.670901207898545,35.946718257887106,38.999186889821125,
2008-11-26,1742,71000,2481650,35.0,35.6,34.8,35.4,-0.2,37,35.518741670148565,35.62164644282608,35.89917753980997,38.8917484751996,
2008-11-27,1742,52000,1880150,35.65,36.7,35.55,36.5,1.1,42,35.84582778009904,35.781347089584976,35.95142297113084,38.82035299832797,
2008-11-28,1742,6000,216550,36.1,36.5,35.7,36.25,-0.25,6,35.98055185339936,35.866556709660436,35.97738619103251,38.743626043154,
2008-12-01,1742,34000,1222900,35.8,36.5,35.8,36.0,-0.25,28,35.987034568932906,35.89081912608581,35.979352609203595,38.661726758283734,
2008-12-02,1742,7000,246700,35.1,35.7,35.1,35.7,-0.3,6,35.8913563792886,35.85612473952475,35.9550610779685,38.57331700430512,
2008-12-03,1742,22000,784500,35.5,35.95,35.5,35.9,0.2,18,35.8942375861924,35.86410205961116,35.95027315814515,38.49351649671392,
2008-12-04,1742,32000,1140450,36.0,36.1,35.0,35.2,-0.7,22,35.6628250574616,35.743356230590955,35.885032013958615,38.39520257143888,
2008-12-05,1742,19000,669050,35.2,35.5,35.15,35.2,0.0,16,35.50855003830774,35.64456418866533,35.825464012744824,38.2998233902019,
2008-12-08,1742,13000,460950,35.6,35.95,35.2,35.95,0.75,12,35.65570002553849,35.70009797254436,35.83629322902788,38.22967940840483,
2008-12-09,1742,18000,647450,36.2,36.2,35.7,35.8,-0.15,13,35.703800017025664,35.718261977536294,35.833137296068934,38.157151664870355,
2008-12-10,1742,49000,1760150,35.9,36.15,35.8,36.15,0.35,36,35.85253334468378,35.79675979980242,35.86069057467164,38.0972366897996,
2008-12-11,1742,63000,2259350,34.9,36.1,34.9,35.65,-0.5,27,35.785022229789185,35.77007619983834,35.84236965513497,38.02418484831305,
2008-12-12,1742,60000,2117650,35.65,35.8,35.0,35.4,-0.25,51,35.656681486526125,35.70278961804955,35.8039027286015,37.945850972244,
2008-12-15,1742,9000,323250,36.0,36.0,35.5,35.5,0.1,4,35.60445432435075,35.665918778404176,35.777476404375285,37.8728404954606,
2008-12-16,1742,10000,355400,35.5,35.6,35.5,35.5,0.0,7,35.56963621623383,35.635751727785234,35.75334802138613,37.80200943589461,
2008-12-17,1742,40000,1415050,35.6,35.6,35.05,35.5,0.0,27,35.546424144155885,35.61106959546065,35.7313177586569,37.73329273631567,
2008-12-18,1742,8000,282100,35.3,35.4,35.1,35.15,-0.35,7,35.41428276277059,35.52723875992235,35.68076838833891,37.656179520306246,
2008-12-19,1742,20000,704600,35.05,35.4,35.0,35.3,0.15,12,35.37618850851373,35.485922621754646,35.64765809370075,37.585845803282176,
2008-12-22,1742,38000,1331650,35.05,35.1,35.0,35.0,-0.3,14,35.25079233900915,35.39757305416289,35.59133999859633,37.50865637631853,
2008-12-23,1742,6000,207000,34.5,34.5,34.5,34.5,-0.5,5,35.000528226006104,35.234377953406,35.49644086828361,37.41884573821947,
2008-12-24,1742,17000,576400,33.5,34.4,33.5,34.0,-0.5,15,34.6670188173374,35.00994559824127,35.36631557538938,37.316790641556196,
2008-12-25,1742,3000,101950,33.95,34.0,33.95,34.0,0.0,3,34.44467921155827,34.82631912583377,35.24750552535552,37.21778196568885,
2008-12-26,1742,5000,170000,34.0,34.0,34.0,34.0,0.0,4,34.29645280770551,34.67607928477308,35.13902678402026,37.12172877268321,
2008-12-29,1742,4000,136000,34.0,34.0,34.0,34.0,0.0,3,34.19763520513701,34.5531557784507,35.03998097671415,37.02854283917028,
2008-12-30,1742,8000,275050,34.0,34.65,34.0,34.4,0.4,8,34.265090136758005,34.52530927327785,34.98433045699987,36.95007887382191,
2008-12-31,1742,19000,652800,34.2,34.6,34.2,34.6,0.2,12,34.37672675783867,34.53888940540915,34.95091041726075,36.87992726564812,
2009-01-05,1742,12000,417800,34.8,34.85,34.7,34.85,0.25,10,34.53448450522578,34.595454968062036,34.94213559836851,36.81933242189743,
2009-01-06,1742,22000,772000,34.85,35.2,34.85,35.2,0.35,17,34.75632300348385,34.70537224659621,34.96455858981473,36.770994140646756,
2009-01-07,1742,29000,1021400,35.2,35.3,35.1,35.3,0.1,20,34.93754866898923,34.81348638357872,34.99372740809171,36.72708386779163,
2009-01-08,1742,9000,312450,34.8,34.8,34.65,34.65,-0.65,6,34.841699112659484,34.78376158656441,34.963838068257644,36.66508136427546,
2009-01-09,1742,39000,1328300,34.65,34.65,33.95,34.5,-0.15,27,34.72779940843966,34.73216857082543,34.923504323191764,36.600452069819475,
2009-01-10,1742,167000,5413250,34.0,34.0,32.1,32.4,-2.1,116,33.9518662722931,34.30813792158444,34.70406916465335,36.47506544086964,
2009-01-12,1742,89000,2683350,30.15,30.15,30.15,30.15,-2.25,52,32.68457751486207,33.55211284493272,34.30806315033566,36.286257517261596,
2009-01-13,1742,127000,3562350,28.05,28.05,28.05,28.05,-2.1,76,31.13971834324138,32.55172869130859,33.76388374595865,36.0403990839105,
2009-01-14,1742,271000,7591150,27.1,29.2,27.1,28.6,0.55,167,30.29314556216092,31.833232565616118,33.31485037674486,35.81829761871914,
2009-01-15,1742,40000,1126600,28.1,28.3,28.1,28.2,-0.4,30,29.595430374773947,31.172644826413187,32.87008077876705,35.59088574950365,
2009-01-16,1742,38000,1065950,28.25,28.5,27.8,28.0,-0.2,27,29.063620249849297,30.59580031251988,32.44659549365687,35.36429214504086,
2009-01-17,1742,11000,306850,28.2,28.2,27.7,28.05,0.05,10,28.725746833232865,30.132927528425355,32.06428284203454,35.14595506608441,
2009-01-19,1742,13000,365700,28.0,28.3,28.0,28.3,0.25,12,28.583831222155244,29.799667977802564,31.736953899248924,34.941598198440104,
2009-01-20,1742,15000,416700,28.3,28.3,27.5,27.95,-0.35,14,28.372554148103497,29.46336470911119,31.4076535601838,34.73289377460607,
2009-01-21,1742,46000,1262300,27.6,27.9,27.2,27.3,-0.65,30,28.015036098735663,29.070025671090974,31.05046629408086,34.51101634849842,43.06571969696967
2009-02-02,1742,23000,634100,27.3,27.7,27.3,27.7,0.4,12,27.910024065823777,28.82093009452898,30.759121398943392,34.307702427647726,42.94975200114349
2009-02-03,1742,22000,613550,27.7,28.35,27.7,27.9,0.2,17,27.906682710549184,28.653488259160074,30.51050214686136,34.11642772831496,42.83616896717259
2009-02-04,1742,10000,280300,28.0,28.3,27.9,28.0,0.1,10,27.937788473699456,28.53467221204006,30.292197612351675,33.93384779612646,42.72419788062789
2009-02-05,1742,22000,614100,28.0,28.2,27.8,28.0,0.0,15,27.95852564913297,28.437459082578233,30.092876080842835,33.75671801116746,42.6130718588873
2009-02-06,1742,62000,1767700,28.2,29.15,28.2,29.0,1.0,41,28.305683766088645,28.53973924938219,29.997843378160848,33.61472642874455,42.510331693914566
2009-02-09,1742,56000,1625100,29.0,29.85,28.5,28.8,-0.2,34,28.470455844059096,28.587059385858154,29.89368308440773,33.4710032517671,42.40685749245106
2009-02-10,1742,94000,2649600,29.55,29.55,28.0,28.5,-0.3,50,28.4803038960394,28.571230406611217,29.772493250980972,33.322615094997936,42.30190007741369
2009-02-11,1742,417000,11073700,26.55,27.1,26.55,26.55,-1.95,216,27.836869264026266,28.20373396904554,29.492276446547844,33.12044748022188,42.18301781267849
2009-02-12,1742,140000,3624950,25.8,26.7,25.6,25.6,-0.95,92,27.09124617601751,27.73032779285544,29.1538176251089,32.89595651066301,42.05786296126205
2009-02-13,1742,87000,2235900,25.4,25.9,25.2,25.9,0.3,53,26.694164117345007,27.39754092142718,28.870876962055952,32.68712198795665,41.935916825705355
2009-02-16,1742,16000,416150,25.8,26.3,25.7,25.95,0.05,13,26.446109411563338,27.134351662985875,28.61688766100761,32.48601386891317,41.81526839683211
2009-02-17,1742,32000,826300,25.95,26.1,25.65,25.7,-0.25,21,26.19740627437556,26.873560451533898,28.3632452557026,32.283446290736656,41.69364372968621
2009-02-18,1742,52000,1286050,24.2,25.1,24.2,25.0,-0.7,44,25.798270849583705,26.532913096709553,28.07078914651107,32.066029983550486,41.56765396568858
2009-02-19,1742,66000,1619950,24.5,24.9,24.3,24.75,-0.25,39,25.448847233055805,26.208747079126,27.782024872901413,31.847641028817634,41.440728275381495
2009-02-20,1742,68000,1648600,24.5,24.65,24.1,24.65,-0.1,37,25.182564822037204,25.925338519284907,27.509674883953465,31.632786072733527,41.31400579783145
2009-02-23,1742,89000,2137600,24.3,25.55,23.2,24.8,0.15,61,25.05504321469147,25.72073151577856,27.27405098100099,31.428822309368346,41.18937179181008
2009-02-24,1742,24000,576200,23.8,24.5,23.8,24.1,-0.7,12,24.73669547646098,25.42605305836428,26.99804654787047,31.21005149416332,41.0603954009285
2009-02-25,1742,58000,1417450,24.0,24.75,24.0,24.35,0.25,33,24.60779698430732,25.230407047752593,26.76778163066434,31.005273837621132,40.93427920922338
2009-02-26,1742,24000,596350,25.15,25.15,24.6,24.7,0.35,18,24.638531322871547,25.133969402706665,26.587974532345704,30.817056708139905,40.81175634726697
2009-02-27,1742,27000,664150,24.65,24.7,24.55,24.6,-0.1,22,24.62568754858103,25.036884056759998,26.415107181706947,30.63147292580737,40.689403469174394
2009-03-02,1742,42000,1011550,24.35,24.35,23.9,24.15,-0.45,30,24.467125032387354,24.875632410076363,26.218141339819386,30.437996122051924,40.564577782614585
2009-03-03,1742,14000,330000,23.5,24.0,23.2,23.9,-0.25,11,24.278083354924902,24.69824469915339,26.016563832009005,30.24283205870709,40.43880738425523
2009-03-04,1742,46000,1115200,24.0,24.5,23.9,24.3,0.4,32,24.28538890328327,24.62583657203459,25.867297411834308,30.065434086805386,40.31700506437406
2009-03-05,1742,60000,1480750,24.5,24.9,24.5,24.9,0.6,36,24.490259268855514,24.6756844680283,25.78318459341393,29.91124202451269,40.20065030917124
2009-03-06,1742,41000,1032500,24.5,26.2,24.5,25.4,0.5,27,24.79350617923701,24.807378201114066,25.74986419398663,29.77657808348246,40.088947287969944
2009-03-09,1742,44000,1124700,25.9,26.0,25.3,26.0,0.6,30,25.195670786158008,25.024218528184235,25.77161513363997,29.663844409348656,39.982615610324885
2009-03-10,1742,62000,1614750,26.0,26.4,25.8,25.8,-0.2,42,25.397113857438672,25.16526970487801,25.774083382888666,29.54850577026362,39.875577001945075
2009-03-11,1742,133000,3401450,25.8,26.0,25.4,25.5,-0.3,71,25.43140923829245,25.226129758536555,25.750250045246172,29.42765485174829,39.76708208117568
2009-03-12,1742,87000,2237300,25.55,25.85,25.55,25.6,0.1,45,25.487606158861634,25.294106166075363,25.73718482392042,29.31339649796476,39.660160706978125
2009-03-13,1742,86000,2245600,26.0,26.4,25.9,26.2,0.6,48,25.725070772574423,25.45881413587984,25.777429621840383,29.22045928907029,39.558574588434894
2009-03-16,1742,115000,3002950,26.3,26.4,25.8,26.2,0.0,82,25.883380515049616,25.593575202083507,25.81417487211513,29.130296325217447,39.45775515757878
2009-03-17,1742,111000,2947300,26.45,26.9,26.2,26.7,0.5,73,26.155587010033077,25.794743347159233,25.89120314410512,29.057750166255733,39.36147021299328
2009-03-18,1742,99000,2695900,27.0,27.5,26.7,27.4,0.7,71,26.570391340022052,26.08660819313028,26.022402870704674,29.00826508666601,39.27119496610277
2009-03-19,1742,62000,1692350,27.4,27.5,27.05,27.05,-0.35,44,26.730260893348035,26.261770339833866,26.111759142817313,28.949809412437176,39.178959532396334
2009-03-20,1742,64000,1709750,27.0,27.0,26.5,26.5,-0.55,37,26.653507262232022,26.305084823500437,26.145519217354938,28.876680773259945,39.083269271774476
2009-03-23,1742,124000,3342650,26.5,27.3,26.5,27.2,0.7,57,26.835671508154682,26.467796673773083,26.23721319845451,28.826630600923828,38.99358422066675
2009-03-24,1742,316000,8690850,27.2,28.6,26.85,28.2,1.0,139,27.29044767210312,26.78274273308707,26.40789031163238,28.807925209851476,38.91212320768059
2009-03-25,1742,130000,3652050,28.3,28.3,27.75,27.95,-0.25,77,27.510298448068745,26.994971327071237,26.54198680627304,28.782315502094715,38.8293902023396
2009-03-26,1742,117000,3302600,28.65,28.65,27.95,28.2,0.25,54,27.740198965379165,27.214067449421922,26.686161866597125,28.76493294979338,38.74916838949176
2009-03-27,1742,161000,4643400,28.5,29.3,28.3,29.3,1.1,107,28.26013264358611,27.593327913163392,26.91345213906694,28.780905100545816,38.6778539110805
2009-03-30,1742,153000,4426750,29.3,29.3,28.8,28.8,-0.5,78,28.440088429057408,27.812722838042777,27.077499779148077,28.781475097544448,38.60330407024215
2009-03-31,1742,132000,4065600,30.8,30.8,30.8,30.8,2.0,63,29.226725619371607,28.355864140216816,27.401195450526505,28.841729572244613,38.54441120933466
2009-04-01,1742,177000,5832150,32.95,32.95,32.95,32.95,2.15,94,30.46781707958107,29.191161569268306,27.883700193958983,28.964364510386567,38.502189237943455
2009-04-02,1742,92000,3243000,35.25,35.25,35.25,35.25,2.3,59,32.061878053054045,30.29276855667407,28.52424800317994,29.15199542052428,38.47764441350615
2009-04-03,1742,1281000,47859600,37.7,37.7,36.4,36.9,1.65,700,33.674585368702694,31.49408336455151,29.25257426377299,29.3832791393146,38.465737663215535
2009-04-06,1742,223000,8136950,37.0,37.0,36.1,36.5,-0.4,152,34.616390245801796,32.40425002554215,29.882785197357947,29.595718567991774,38.45090190726674
2009-04-07,1742,204000,7453250,36.5,36.9,36.3,36.6,0.1,118,35.277593497201195,33.16711365726176,30.4668908323703,29.804801595812915,38.436932836268504
2009-04-08,1742,656000,25238050,36.5,39.15,36.5,38.7,2.1,403,36.4183956648008,34.17309299230507,31.182813368685927,30.070329906385663,38.43891824882497
2009-04-09,1742,239000,9197500,38.7,39.0,37.6,38.6,-0.1,157,37.1455971098672,34.977985175522335,31.82778611923498,30.324946924105493,38.44013396015459
2009-04-10,1742,215000,8208450,38.6,38.9,37.9,37.9,-0.7,145,37.397064739911464,35.50926059815464,32.35580471756237,30.551067911445628,38.43605747743644
2009-04-13,1742,135000,5042150,37.9,37.9,37.1,37.25,-0.65,101,37.34804315994098,35.825758671217436,32.78138691603521,30.751036033492028,38.427106100248245
2009-04-14,1742,180000,6853450,37.25,38.75,37.25,37.8,0.55,117,37.49869543996065,36.184711640086995,33.21778805377128,30.96145286831316,38.42237322401996
2009-04-15,1742,101000,3831300,38.0,38.2,37.55,37.9,0.1,62,37.63246362664043,36.49658225098027,33.62493691866074,31.16857367821426,38.41843078459339
2009-04-16,1742,213000,8117400,38.3,38.65,37.9,38.0,0.1,100,37.75497575109362,36.76993093262022,34.00537718660328,31.372496851998907,38.41527281640778
2009-04-17,1742,245000,9189400,38.2,38.45,36.5,36.6,-1.4,135,37.36998383406241,36.739034399416546,34.23099656168126,31.52854172208849,38.40157264420847
2009-04-20,1742,106000,3884150,36.2,37.25,36.2,36.8,0.2,61,37.17998922270827,36.75011905406808,34.45438816501332,31.685898685608237,38.389485303497466
2009-04-21,1742,68000,2518550,36.75,37.5,36.75,37.3,0.5,38,37.219992815138845,36.85009740787388,34.70183267240347,31.853483799470677,38.38126277290503
2009-04-22,1742,69000,2575100,37.5,37.55,37.0,37.4,0.1,46,37.279995210092565,36.950079697351356,34.93645591828143,32.01905144724767,38.37385701612839
2009-04-23,1742,512000,20175700,37.65,40.0,37.5,40.0,2.6,227,38.18666347339504,37.50461066146929,35.37676409930044,32.257288717479085,38.38612979336516
2009-04-24,1742,801000,33512750,42.8,42.8,41.0,42.0,2.0,382,39.45777564893003,38.321954177565786,35.95269765588301,32.5481159199424,38.41340428549071
2009-04-27,1742,224000,9093700,41.6,42.0,39.6,39.8,-2.2,146,39.57185043262002,38.590689781644734,36.28724568580623,32.76459007158591,38.423869158807754
2009-04-28,1742,133000,5155600,39.8,40.0,38.0,38.4,-1.4,91,39.18123362174668,38.556018912254785,36.470963452257855,32.93281126347887,38.42368901421298
2009-04-29,1742,199000,7614050,38.4,39.8,37.6,38.25,-0.15,90,38.87082241449779,38.50037911002664,36.6256622824963,33.09153331531532,38.42237815372835
2009-04-30,1742,194000,7643400,39.8,39.9,38.5,39.5,1.25,116,39.08054827633186,38.68212836274907,36.87560469271401,33.282830828290976,38.43051114879455
2009-05-04,1742,243000,9674400,40.0,40.2,39.2,39.5,0.0,138,39.220365517554576,38.83083229679469,37.1038129803041,33.468417967744976,38.43858276276591
2009-05-05,1742,120000,4663700,39.5,39.5,38.5,38.5,-1.0,72,38.98024367836972,38.77068097010475,37.22522054723418,33.618614446319754,38.43904628908466
2009-05-06,1742,139000,5434050,39.2,39.4,38.6,39.4,0.9,74,39.120162452246475,38.88510261190388,37.414331803996426,33.79119311956394,38.44629876992175
2009-05-07,1742,180000,7183050,39.4,40.25,39.3,40.0,0.6,90,39.41344163483098,39.08781122792136,37.63917251669239,33.97653063838293,38.45802481694121
2009-05-08,1742,99000,3963850,40.5,40.5,39.7,39.9,-0.1,64,39.575627756553985,39.23548191375384,37.835766210893055,34.15335061932672,38.46890764851147
2009-05-11,1742,206000,8248050,39.0,40.4,39.0,39.6,-0.3,101,39.58375183770266,39.301757929434956,37.989177844728445,34.315937168003536,38.47744419456044
2009-05-12,1742,153000,5969050,39.5,39.5,38.75,38.75,-0.85,85,39.30583455846844,39.20143830590133,38.05533629301293,34.44829725254075,38.479501219507156
2009-05-13,1742,59000,2297900,38.65,39.25,38.65,39.0,0.25,33,39.20388970564563,39.164813159373814,38.137480963185716,34.5841689763455,38.48342951219012
2009-05-14,1742,33000,1275850,38.0,39.3,38.0,38.75,-0.25,29,39.052593137097084,39.08939258494221,38.19074348812609,34.70852214123071,38.485441364928306
2009-05-15,1742,105000,4081550,38.4,39.5,38.4,39.2,0.45,37,39.10172875806472,39.109503024043626,38.27850492394121,34.84259610716412,38.490834260287336
2009-05-18,1742,81000,3153550,38.6,39.35,38.6,38.85,-0.35,42,39.01781917204315,39.062320656035695,38.328200147946326,34.962220103965194,38.49354494511535
2009-05-19,1742,93000,3632650,39.0,39.3,38.9,38.9,0.05,51,38.97854611469543,39.03280780948375,38.377921874211864,35.07976577250355,38.496612530435236
2009-05-20,1742,105000,4068700,38.9,39.0,38.65,39.0,0.1,61,38.985697409796956,39.02684275321398,38.432015624280396,35.19678768974225,38.50041168114893
2009-05-21,1742,117000,4596300,39.0,39.6,39.0,39.0,0.0,73,38.99046493986464,39.02196225262962,38.48140556999515,35.31031641542159,38.50418215902705
2009-05-22,1742,64000,2510100,39.3,39.35,39.0,39.2,0.2,47,39.06030995990976,39.05433275215151,38.54389204216948,35.4264263731702,38.50943361443062
2009-05-25,1742,190000,7452700,39.5,39.7,38.8,39.15,-0.05,110,39.09020663993984,39.07172679721487,38.59659708198083,35.53757782471736,38.51426807771794
2009-05-26,1742,124000,4886500,39.5,39.8,39.0,39.1,-0.05,73,39.093471093293225,39.07686737953944,38.640371248765106,35.64391878517356,38.51868869599931
2009-05-27,1742,158000,6208300,39.5,39.5,39.1,39.5,0.4,92,39.22898072886215,39.153800583259546,38.71512157495945,35.759025687108675,38.52609481904837
2009-06-01,1742,300000,12269850,40.0,41.8,40.0,41.2,1.7,166,39.885987152574764,39.52583684084872,38.93119795974558,35.921442830777075,38.54627523550838
2009-06-02,1742,251000,10373200,42.1,42.25,40.5,40.95,-0.25,152,40.24065810171651,39.784775597058044,39.10674596324596,36.071549014932984,38.564416554485675
2009-06-03,1742,123000,5030300,41.85,41.85,40.2,40.45,-0.5,82,40.31043873447768,39.905725488502036,39.22355066209414,36.20224904433797,38.578647372942385
2009-06-04,1742,52000,2099500,40.0,40.6,40.0,40.6,0.15,43,40.40695915631845,40.031957217865305,39.34324190886856,36.333525192268176,38.593902864467346
2009-06-05,1742,71000,2869750,40.3,40.7,40.2,40.2,-0.4,38,40.33797277087897,40.0625104509807,39.41774261244521,36.44894235070793,38.60602435228269
2009-06-06,1742,86000,3472950,40.2,40.6,40.1,40.5,0.3,43,40.391981847252644,40.142054005347845,39.51185195049345,36.56986944471665,38.620318508114515
2009-06-08,1742,105000,4265600,40.8,41.3,40.2,40.3,-0.2,74,40.36132123150176,40.17077145892096,39.580386563494024,36.68121662547138,38.632995349562705
2009-06-09,1742,93000,3676400,40.0,40.0,38.9,39.1,-1.2,67,39.94088082100117,39.97608573911715,39.53861381884237,36.75341911426328,38.636519912962235
2009-06-10,1742,73000,2838900,39.1,39.1,38.6,38.75,-0.35,50,39.54392054733412,39.75316105927767,39.47003870416042,36.81301854368826,38.63737636644931
2009-06-11,1742,49000,1918800,38.75,39.55,38.75,39.1,0.35,29,39.39594703155608,39.63440450304537,39.437861425537776,36.881286646861746,38.64086786557045
2009-06-12,1742,59000,2321000,39.1,39.5,39.1,39.5,0.4,23,39.43063135437072,39.60996732067348,39.44326477983884,36.95945719471662,38.64735188167935
2009-06-15,1742,72000,2832950,39.7,40.45,38.6,39.4,-0.1,50,39.42042090291381,39.5717914441874,39.43950262507025,37.03230921875493,38.65303224483649
2009-06-16,1742,30000,1181150,40.0,40.0,38.85,39.2,-0.2,26,39.346947268609206,39.50419299978969,39.418676309846745,37.09701640625479,38.65716030336603
2009-06-17,1742,36000,1417050,39.2,39.5,39.1,39.4,0.2,24,39.364631512406135,39.485248818009744,39.41705228290355,37.165762185172554,38.66276664069911
2009-06-18,1742,29000,1139400,39.3,39.5,39.0,39.0,-0.4,19,39.24308767493742,39.39702176018979,39.38078686699889,37.22051555277935,38.665311798127796
2009-06-19,1742,15000,587650,39.2,39.3,39.05,39.3,0.3,9,39.26205844995828,39.37938144015528,39.37376192204246,37.28258971538295,38.67010189776457
2009-06-22,1742,49000,1933800,39.35,39.6,39.3,39.5,0.2,32,39.341372299972186,39.40131208739977,39.38473914621268,37.34878106716256,38.67636527966823
2009-06-23,1742,24000,934800,39.25,39.55,38.6,39.25,-0.25,22,39.310914866648126,39.37380079878163,39.37302269871593,37.40553387112786,38.68069459831224
2009-06-24,1742,42000,1650800,39.3,39.4,39.15,39.15,-0.1,25,39.25727657776542,39.333109744457694,39.35362942056672,37.45760748691509,38.68423652587215
2009-06-25,1742,21000,826800,39.2,39.5,39.2,39.4,0.25,17,39.30485105184361,39.34527160910175,39.35766164486527,37.51558935297732,38.68963851435613
2009-06-26,1742,36000,1419300,39.5,39.5,39.3,39.5,0.1,21,39.36990070122908,39.373404043810524,39.37003889313785,37.57482549169442,38.69575445009684
2009-06-29,1742,35000,1389150,39.55,39.9,39.5,39.7,0.2,26,39.47993380081939,39.43278512675406,39.39873116329978,37.63826353671847,38.703333661794225
2009-06-30,1742,29000,1152100,39.7,40.25,39.4,39.7,0.0,23,39.55328920054626,39.48136964916242,39.42492845344763,37.699807908756725,38.71085567189389
2009-07-01,1742,35000,1379000,39.3,39.65,39.3,39.6,-0.1,26,39.56885946703084,39.50293880386016,39.44015206619131,37.756530060734136,38.71756619512488
2009-07-02,1742,36000,1428350,39.7,39.85,39.6,39.6,0.0,25,39.57923964468723,39.52058629406741,39.4540518865225,37.811559014145054,38.72422607289752
2009-07-03,1742,29000,1153700,40.0,40.0,39.65,39.75,0.15,18,39.636159763124816,39.562297876964244,39.47978650508576,37.86942292417057,38.73196776291339
2009-07-06,1742,55000,2205200,40.25,40.25,40.0,40.15,0.4,31,39.80743984208321,39.66915280842529,39.53806593942613,37.93749985180727,38.74266989300461
2009-07-07,1742,44000,1760150,40.1,40.1,39.8,40.0,-0.15,34,39.87162656138881,39.729306843257056,39.57823411860647,37.99906702041004,38.75215917683099
2009-07-08,1742,52000,2080850,40.0,40.15,39.9,40.0,0.0,37,39.91441770759254,39.77852378084668,39.614909412640685,38.05879636308437,38.76157684342095
2009-07-09,1742,153000,6233800,40.0,41.0,40.0,40.5,0.5,82,40.1096118050617,39.9097012752382,39.6918738115415,38.13166811344006,38.77469701818758
2009-07-10,1742,64000,2627100,40.7,41.8,40.65,40.65,0.15,50,40.28974120337446,40.044301043376706,39.77518913227702,38.20684219960602,38.788850248238994
2009-07-13,1742,81000,3298950,40.65,41.0,40.5,40.65,0.0,53,40.409827468916305,40.154428126399125,39.8512596425138,38.279772283199875,38.80289666145983
2009-07-14,1742,57000,2322150,40.7,41.0,40.6,40.6,-0.05,41,40.47321831261087,40.235441194326555,39.916367499686515,38.34903281205958,38.81645970552429
2009-07-15,1742,37000,1501250,40.65,40.65,40.5,40.5,-0.1,28,40.48214554174058,40.28354279535809,39.96711815188769,38.413240787819,38.829165670010894
2009-07-16,1742,64000,2601800,40.7,40.9,40.35,40.35,-0.15,36,40.438097027827055,40.2956259234748,40.00041222563659,38.4710544956453,38.84064366495421
2009-07-17,1742,83000,3388500,40.35,41.0,40.35,40.8,0.45,51,40.5587313518847,40.38733030102484,40.069941597320366,38.54057525696932,38.855431259935685
2009-07-20,1742,92000,3798300,41.0,41.7,40.8,41.6,0.8,49,40.90582090125647,40.60781570083851,40.20299015407512,38.63190136870158,38.87614498627579
2009-07-21,1742,63000,2616900,41.9,41.9,41.0,41.25,-0.35,35,41.02054726750431,40.72457648250423,40.29403448850337,38.710053566650785,38.894060873171824
2009-07-22,1742,56000,2305500,41.1,41.35,41.0,41.05,-0.2,34,41.03036484500287,40.78374439477619,40.35977061993786,38.77990271391494,38.91033211186487
2009-07-23,1742,79000,3234300,41.3,41.3,40.8,40.8,-0.25,45,40.95357656333525,40.78669995936234,40.39805143559544,38.84020412543987,38.92459375630362
2009-07-24,1742,39000,1601000,41.3,41.45,40.85,40.85,0.05,30,40.9190510422235,40.798209057660095,40.43735131076105,38.90019803214316,38.93912512418058
2009-07-27,1742,31000,1275150,41.0,41.3,41.0,41.2,0.35,19,41.01270069481567,40.871261956267354,40.50366858808618,38.968848837153814,38.95618833079054
2009-07-28,1742,37000,1525800,41.2,41.3,41.15,41.2,0.0,31,41.07513379654378,40.93103250967329,40.564219145643904,39.035450364402955,38.97312275848269
2009-07-29,1742,71000,2948300,41.3,41.75,41.3,41.5,0.3,37,41.21675586436252,41.034481144278146,40.64559139384878,39.109019010241674,38.99219353011678
2009-07-30,1742,47000,1939850,41.5,41.5,41.1,41.2,-0.3,33,41.21117057624168,41.06457548168212,40.69380083786193,39.17143635321953,39.00885622045552
2009-07-31,1742,133000,5520200,41.2,41.8,41.2,41.65,0.45,64,41.35744705082779,41.17101630319446,40.776948591091326,39.245423327750295,39.02878938105586
2009-08-03,1742,249000,10878300,41.95,44.55,41.95,43.8,2.15,165,42.171631367218524,41.64901333897729,41.0398226266486,39.381380840354765,39.06479851780261
2009-08-04,1742,111000,4820900,44.5,44.5,42.9,43.0,-0.8,86,42.44775424481235,41.89464727734506,41.210272833026984,39.48939932273223,39.09449815163051
2009-08-05,1742,78000,3294000,42.8,42.9,41.5,41.85,-1.15,64,42.2485028298749,41.88652959055505,41.26590128232898,39.55986501459097,39.11529439199556
2009-08-06,1742,67000,2814000,41.5,42.3,41.5,42.15,0.3,45,42.215668553249934,41.93443330136322,41.34277943169168,39.637182476841986,39.13819783054654
2009-08-10,1742,45000,1891500,42.1,42.75,41.9,42.0,-0.15,29,42.14377903549995,41.94635451929718,41.39992904632719,39.70771434320491,39.15979633748581
2009-08-11,1742,45000,1870650,41.9,41.9,41.05,41.55,-0.45,29,41.945852690333304,41.874290061243144,41.41297869447265,39.762707944900285,39.17783561041044
2009-08-12,1742,73000,3050500,41.55,42.1,41.55,41.9,0.35,45,41.930568460222204,41.87896459556257,41.45532837321416,39.82650770773908,39.198380247313004
2009-08-13,1742,70000,2953700,42.45,42.45,42.0,42.3,0.4,43,42.0537123068148,41.955516487278466,41.52877807989119,39.90034329855284,39.22178869827668
2009-08-14,1742,23000,976450,42.45,42.6,42.2,42.3,0.0,21,42.1358082045432,42.01814985322783,41.59584085555282,39.97197484187962,39.24502048168591
2009-08-17,1742,110000,4697900,42.4,43.45,42.4,42.65,0.35,60,42.30720546969547,42.1330316980955,41.687506868113445,40.05191589137575,39.270718440314695
2009-08-18,1742,68000,2850150,42.2,42.3,41.55,42.0,-0.65,48,42.204803646463645,42.108844116623594,41.714680183929666,40.110067655812294,39.291316791708546
2009-08-19,1742,33000,1387750,42.0,42.6,42.0,42.05,0.05,26,42.15320243097576,42.098145186328395,41.74383842880535,40.167976083997004,39.31213704233716
2009-08-20,1742,35000,1461000,41.6,42.35,41.3,41.7,-0.35,21,42.00213495398384,42.02575515245051,41.74002639151792,40.21370814119113,39.33015864956481
2009-08-21,1742,38000,1604350,41.7,43.4,41.7,41.8,0.1,27,41.934756635989224,41.98470876109587,41.74524148790767,40.26106013697647,39.34879896164357
2009-08-24,1742,23000,970300,42.3,43.2,42.0,42.35,0.55,16,42.073171090659486,42.05112534998753,41.79782918461135,40.323416550798065,39.371449535517954
2009-08-25,1742,26000,1094550,42.2,42.2,42.05,42.1,-0.25,17,42.08211406043966,42.0600116499898,41.82410490768863,40.376448892565286,39.392042369212156
2009-08-26,1742,56000,2342850,42.1,42.25,41.0,42.25,0.15,35,42.13807604029311,42.09455498635529,41.861139263541794,40.43237579129468,39.41361186076527
2009-08-27,1742,33000,1383750,42.2,42.5,41.2,42.25,0.0,26,42.17538402686207,42.12281771610888,41.894953240625114,40.48663323036051,39.43501856370289
2009-08-28,1742,48000,2018000,42.0,42.1,42.0,42.0,-0.25,23,42.11692268457471,42.1004872222709,41.90408774144032,40.53180835781244,39.45437691416551
2009-08-31,1742,65000,2742550,42.0,42.5,42.0,42.05,0.05,34,42.094615123049806,42.091307727312554,41.91677576392377,40.57712751131057,39.473966522360485
2009-09-01,1742,59000,2466150,42.0,42.4,41.2,41.75,-0.3,45,41.979743415366535,42.02925177689209,41.90227352358258,40.61213863037593,39.49114413351248
2009-09-02,1742,73000,3070450,42.1,42.4,41.8,42.2,0.45,35,42.053162276911024,42.060296908366254,41.928162782401486,40.65953747723038,39.51158832873125
2009-09-03,1742,87000,3678750,42.15,42.5,42.15,42.15,-0.05,57,42.08544151794068,42.07660656139057,41.94745297523614,40.70402889582052,39.531500869646486
2009-09-04,1742,220000,9353900,42.5,42.8,42.1,42.3,0.15,123,42.156961011960455,42.117223550228644,41.97810923825908,40.75166982430349,39.55239520270576
2009-09-07,1742,85000,3636050,42.5,43.1,42.5,42.75,0.45,54,42.3546406746403,42.23227381382343,42.04523017406264,40.811321471339205,39.57652806910043
2009-09-08,1742,47000,2008750,43.0,43.0,42.5,42.65,-0.1,29,42.453093783093536,42.308224029491896,42.09781885457893,40.866207397567884,39.59972408367326
2009-09-09,1742,84000,3577550,42.7,42.8,42.5,42.55,-0.1,55,42.48539585539569,42.35218329685701,42.13713895418076,40.91646986331212,39.62199031700403
2009-09-10,1742,90000,3840750,42.7,42.95,42.55,42.95,0.4,46,42.64026390359712,42.46087724288301,42.20782252338243,40.97717225545206,39.64710737121532
2009-09-11,1742,86000,3683900,42.95,43.0,42.7,42.8,-0.15,51,42.69350926906475,42.522535925995186,42.25931621700135,41.03158502394603,39.67090278728162
2009-09-14,1742,590000,26424850,43.5,45.0,43.5,45.0,2.2,313,43.46233951270983,42.97298393945061,42.497636545957754,41.15004517248495,39.71112238888704
2009-09-15,1742,529000,24544150,45.5,47.0,45.5,46.4,1.4,354,44.441559675139885,43.59607776864141,42.83697249848316,41.30676024196301,39.76160448406525
2009-09-16,1742,269000,12606550,47.0,47.3,46.6,46.7,0.3,174,45.19437311675993,44.16042726525206,43.17288793339767,41.467752473546206,39.81396973324212
2009-09-17,1742,400000,18593400,47.2,47.2,45.75,46.5,-0.2,233,45.62958207783995,44.58580412611532,43.4622020261457,41.617968817619456,39.86443033902897
2009-09-18,1742,358000,16820700,46.5,47.5,46.5,47.5,1.0,192,46.253054718559966,45.11565792136708,43.81331489343737,41.79355183798902,39.922057279866486
2009-09-21,1742,825000,40791550,47.8,50.6,47.8,50.2,2.7,495,47.56870314570664,46.04008375384579,44.36867881574717,42.044490589093826,39.99962665888636
2009-09-22,1742,735000,37323000,50.7,51.2,50.4,50.7,0.5,424,48.61246876380443,46.88734125314656,44.919228483943066,42.302864004344755,40.080384193536275
2009-09-23,1742,815000,41626000,50.9,51.8,50.0,51.4,0.7,488,49.54164584253628,47.70782466166536,45.48277383316541,42.57442030272252,40.165815256226566
2009-09-24,1742,443000,22311300,51.1,51.2,50.0,50.8,-0.6,291,49.961097228357524,48.27003835954439,45.94514132593363,42.819959995178564,40.24607325429278
2009-09-25,1742,623000,31727100,50.6,51.4,50.0,51.2,0.4,371,50.37406481890502,48.80275865780904,46.402085558461145,43.070110443083685,40.3287443995434
2009-09-28,1742,1206000,61708700,51.2,51.9,50.6,50.9,-0.3,679,50.54937654593668,49.184075265480125,46.79320855337757,43.3038384895588,40.408527460678926
2009-09-29,1742,891000,34697900,39.8,39.9,38.1,38.4,0.0,555,46.49958436395779,47.2233343081201,46.06336433134474,43.157455251064505,40.39336876286248
2009-09-30,1742,430000,16296050,38.2,38.3,37.6,37.8,-0.6,279,43.59972290930519,45.51000079755281,45.3448109112278,42.9975312137193,40.373796168425784
2009-10-01,1742,269000,10291300,37.8,38.55,37.8,38.0,0.2,182,41.733148606203464,44.144546107088665,44.70613170155582,42.84835117748887,40.355880725645214
2009-10-02,1742,163000,6221800,37.9,38.5,37.8,38.2,0.2,112,40.555432404135644,43.063719542163454,44.14038111881184,42.70959442592204,40.33960992771581
2009-10-05,1742,117000,4459700,38.5,38.5,37.9,37.9,-0.3,89,39.670288269423764,42.12486144358828,43.59773928239342,42.566024443058694,40.321197777317956
2009-10-06,1742,150000,5721850,38.3,38.35,37.95,38.05,0.15,102,39.13019217961584,41.383977544754046,43.115327170880946,42.4312177432659,40.304056662017445
2009-10-07,1742,146000,5578700,38.4,38.5,38.05,38.35,0.3,92,38.870128119743896,40.83234526388967,42.70095089515217,42.30939034794453,40.28930906456826
2009-10-08,1742,169000,6458950,38.35,38.5,38.0,38.0,-0.35,85,38.5800854131626,40.31737339772791,42.29217255644328,42.18075183009544,40.272031260307365
2009-10-09,1742,114000,4337000,38.1,38.3,38.0,38.1,0.1,60,38.4200569421084,39.91421459814102,41.92763581240474,42.0589383426299,40.25563857155033
2009-10-12,1742,83000,3154950,38.1,38.2,37.9,38.0,-0.1,65,38.280037961405604,39.5661755802972,41.58610226349998,41.93777600404393,40.238614884217874
2009-10-13,1742,109000,4146400,38.0,38.2,38.0,38.0,0.0,71,38.1866919742704,39.281416383879524,41.2742672840652,41.82023045168441,40.221719677544534
2009-10-14,1742,111000,4214950,38.0,38.1,37.8,38.1,0.1,72,38.157794649513605,39.06661340499234,40.998244041972576,41.70917879641025,40.205706698846086
2009-10-15,1742,61000,2332000,38.4,38.45,38.1,38.1,0.0,42,38.1385297663424,38.89086551317555,40.746222820931486,41.60144211592039,40.189814572817056
2009-10-16,1742,46000,1758500,38.4,38.4,38.1,38.15,0.05,37,38.1423531775616,38.756162692598174,40.52046431476353,41.4984139930571,40.1744197458524
2009-10-19,1742,82000,3153350,38.15,38.6,38.1,38.6,0.45,59,38.2949021183744,38.727769475762145,40.353467417827574,41.411894172368825,40.16253733267615
2009-10-20,1742,85000,3308200,38.8,39.2,38.8,38.8,0.2,60,38.463268078916265,38.740902298350846,40.21838329453822,41.33392718214886,40.152254032052184
2009-10-21,1742,56000,2161450,39.0,39.0,38.4,38.5,-0.3,37,38.475512052610846,38.69710188046887,40.06895866023055,41.24933234089069,40.139784190300844
2009-10-22,1742,116000,4421550,38.3,38.4,37.9,38.0,-0.5,75,38.3170080350739,38.570356084019984,39.88904921151485,41.15233734564022,40.12363487565706
2009-10-23,1742,59000,2242150,38.1,38.2,37.9,37.95,-0.05,40,38.1946720233826,38.45756406874362,39.72043623660052,41.05674518606887,40.10723008414267
2009-10-26,1742,75000,2851850,37.95,38.2,37.95,38.05,0.1,36,38.1464480155884,38.383461510790234,39.575180911678736,40.966991598425025,40.09170381935669
2009-10-27,1742,61000,2316600,38.1,38.15,37.9,38.1,0.05,30,38.1309653437256,38.33192305428292,39.44690431066319,40.88140975966607,40.07667209241815
2009-10-28,1742,40000,1518600,38.0,38.1,37.9,38.1,0.0,33,38.120643562483735,38.28975522623148,39.32978219669248,40.798382602661114,40.061753812475374
2009-10-29,1742,141000,5259450,37.8,38.0,37.0,37.3,-0.8,90,37.84709570832249,38.10979973055303,39.15327939698009,40.69395327123839,40.04091038747556
2009-10-30,1742,65000,2422350,37.6,37.6,37.1,37.1,-0.2,40,37.59806380554833,37.92619977954339,38.97473336246008,40.58667108403725,40.01871483738141
2009-11-02,1742,126000,4599750,36.75,36.75,36.4,36.6,-0.5,79,37.26537587036555,37.685072546899136,38.76823480920268,40.46766597705106,39.992913215967214
2009-11-03,1742,24000,882700,36.9,37.95,36.6,37.95,1.35,15,37.493583913577034,37.73324117473566,38.69708395622853,40.392511768780885,39.977495003016514
2009-11-04,1742,50000,1892000,37.95,37.95,37.6,37.8,-0.15,34,37.59572260905136,37.74537914296554,38.61907665568692,40.3151233577725,39.96106107846545
2009-11-05,1742,34000,1273100,37.8,37.8,37.3,37.3,-0.5,28,37.497148406034235,37.6644011169718,38.504374337801096,40.225119675450934,39.940977598627974
2009-11-06,1742,53000,1969300,37.3,37.7,37.0,37.1,-0.2,39,37.36476560402282,37.56178273206784,38.38225483016622,40.13183252095986,39.91953625826097
2009-11-09,1742,51000,1888850,37.2,37.3,36.85,37.0,-0.1,34,37.24317706934855,37.45964041714642,38.262058757977854,40.038344983020764,39.89750202234956
2009-11-10,1742,119000,4374050,37.0,37.15,36.5,36.7,-0.3,73,37.062118046232364,37.32152397766525,38.12622756163196,39.938692893975364,39.87336993161485
2009-11-11,1742,45000,1670250,36.7,37.4,36.7,37.1,0.4,33,37.07474536415491,37.28124689081702,38.03699038235961,39.85395579266267,39.85243883779135
2009-11-12,1742,54000,2017700,37.3,37.55,37.1,37.5,0.4,40,37.21649690943661,37.321020183395746,37.990295566502255,39.78368845556826,39.83468458241179
2009-11-13,1742,119000,4398150,36.9,37.15,36.8,37.0,-0.5,83,37.144331272957736,37.262652877323795,37.904182908545536,39.700593277790105,39.813290736506794
2009-11-16,1742,88000,3257450,37.0,37.4,36.85,37.0,0.0,66,37.09622084863849,37.21489780871947,37.825558307802446,39.61997855307995,39.79205835358976
2009-11-17,1742,96000,3553400,37.3,37.3,36.9,37.0,0.0,56,37.06414723242566,37.17582547986139,37.7537706288631,39.54177023806264,39.7709862150721
2009-11-18,1742,55000,2035350,36.85,37.2,36.85,37.15,0.15,33,37.09276482161711,37.17112993806841,37.70126883504892,39.470374111553305,39.75120518703382
2009-11-19,1742,102000,3804500,37.15,37.5,37.0,37.3,0.15,59,37.161843214411405,37.19456085841961,37.666375892870754,39.40558682464127,39.73270552524488
2009-11-20,1742,70000,2598250,37.2,37.4,37.0,37.0,-0.3,50,37.10789547627427,37.15918615688877,37.60843016305591,39.333778262711675,39.71208133260152
2009-11-23,1742,59000,2180900,37.0,37.1,36.9,36.95,-0.05,40,37.05526365084952,37.12115231018172,37.55117536626844,39.26262070263073,39.6912354357517
2009-11-24,1742,84000,3111200,37.05,37.15,36.95,37.0,0.05,51,37.03684243389968,37.09912461742141,37.503247073549446,39.195079786134286,39.67092422491584
2009-11-25,1742,49000,1819050,37.45,37.45,37.0,37.0,0.0,27,37.024561622599784,37.08110195970843,37.45948645845819,39.12955501639893,39.65076630623722
2009-11-26,1742,47000,1747650,37.1,37.3,37.0,37.25,0.25,33,37.09970774839986,37.1118106943069,37.44127024467922,39.07344889650643,39.63264731524675
2009-11-27,1742,139000,5144950,37.1,37.1,36.9,37.0,-0.25,74,37.06647183226657,37.09148147716019,37.402898919054934,39.01155489959579,39.61277827890527
2009-11-30,1742,88000,3282100,37.0,37.5,37.0,37.5,0.5,38,37.21098122151105,37.16575757222197,37.411342491311025,38.96643385781681,39.5968327824607
2009-12-01,1742,77000,2910450,37.5,37.95,37.5,37.9,0.4,44,37.44065414767403,37.29925619545434,37.453834448588324,38.934600011314814,39.584026497310056
2009-12-02,1742,78000,2971150,37.9,38.3,37.7,37.9,0.0,57,37.59376943178269,37.40848234173537,37.492631453058905,38.903716428887506,39.5713168633681
2009-12-03,1742,58000,2172200,37.5,37.7,37.2,37.7,-0.2,32,37.62917962118846,37.46148555232894,37.510663500619,38.86778459518937,39.55719371722947
2009-12-04,1742,18000,673250,37.7,37.7,37.3,37.4,-0.3,16,37.55278641412564,37.4503063609964,37.5010405875217,38.823970129661326,39.540913009929625
2009-12-07,1742,95000,3560300,37.4,37.65,37.2,37.65,0.25,48,37.58519094275043,37.48661429536069,37.513993579911116,38.78892624519382,39.52664196834525
2009-12-08,1742,97000,3659200,37.65,37.85,37.6,37.6,-0.05,60,37.59012729516695,37.50722987802238,37.52147239904928,38.75343590951639,39.512101274244536
2009-12-09,1742,32000,1203900,37.6,37.7,37.6,37.6,0.0,29,37.59341819677797,37.5240971729274,37.52830088608847,38.71900498684426,39.49767032123137
2009-12-10,1742,73000,2726600,37.6,37.6,37.1,37.1,-0.5,53,37.42894546451865,37.44698859603151,37.491057330776435,38.670676479774286,39.47957469616547
2009-12-11,1742,44000,1644750,37.6,37.6,37.25,37.4,0.3,27,37.41929697634576,37.43844521493487,37.483139302013264,38.63274583858699,39.46387979279819
2009-12-14,1742,193000,7218100,37.4,37.8,37.2,37.5,0.1,80,37.44619798423051,37.449636994037625,37.484605449664286,38.59893252997245,39.44905805851292
2009-12-15,1742,67000,2526100,37.7,37.85,37.5,37.75,0.25,48,37.54746532282034,37.504248449667145,37.50768323665,38.57359126042103,39.43623497882603
2009-12-16,1742,861000,34201600,37.8,40.35,37.75,40.35,2.6,406,38.48164354854689,38.021657822454934,37.75484121607174,38.62661838697563,39.44313131860847
2009-12-17,1742,912000,37326300,41.25,41.45,40.3,40.3,-0.05,573,39.08776236569793,38.43590185473585,37.97615937119593,38.676570076916654,39.44959825205294
2009-12-18,1742,169000,6646550,40.1,40.1,39.05,39.15,-1.15,122,39.10850824379862,38.56573788114751,38.078232469352805,38.690702313426605,39.44733713316952
2009-12-21,1742,227000,8975500,39.2,40.15,39.1,39.6,0.45,133,39.27233882919908,38.75378553912069,38.21056008071343,38.717845527951184,39.44848930574937
2009-12-22,1742,95000,3802800,39.8,40.35,39.8,39.9,0.3,68,39.48155921946605,38.962188168371476,38.357467899781824,38.75313372114667,39.45189693363051
2009-12-23,1742,87000,3467050,40.0,40.1,39.6,39.6,-0.3,57,39.52103947964403,39.0781539559403,38.46551416936601,38.7784133115602,39.45301469262198
2009-12-24,1742,95000,3771850,40.5,40.5,39.4,40.0,0.4,73,39.68069298642936,39.24576232758752,38.59894771985592,38.81487858584199,39.45714288362106
2009-12-25,1742,66000,2628150,40.0,40.15,39.7,39.7,-0.3,51,39.687128657619574,39.328350995298884,38.69469139639019,38.841300120592976,39.45897576751826
2009-12-28,1742,86000,3417450,39.7,40.0,39.5,39.5,-0.2,59,39.62475243841305,39.35955990524454,38.7647182314867,38.86096280356035,39.45928538436718
2009-12-29,1742,104000,4140500,39.6,40.2,39.6,39.7,0.2,55,39.64983495894203,39.421458104290984,38.84604708092264,38.886008690021235,39.46110209844743
2009-12-30,1742,117000,4668600,40.2,40.2,39.7,40.15,0.45,53,39.81655663929469,39.55392026714717,38.95943429127719,38.9237397739012,39.466301327893106
2009-12-31,1742,84000,3366650,40.45,40.45,39.8,40.1,-0.05,51,39.91103775952979,39.65320749130223,39.05861391812265,38.95885201945639,39.47108395938071
2010-01-04,1742,94000,3763850,40.1,40.35,39.8,40.0,-0.1,64,39.94069183968653,39.71626067470183,39.14047357741634,38.98993106365172,39.475075778555194
2010-01-05,1742,163000,6569800,40.2,40.7,40.1,40.2,0.2,100,40.02712789312435,39.8042132793015,39.23260630981492,39.026052524438235,39.480546904754775
2010-01-06,1742,212000,8487200,40.2,40.2,39.9,39.9,-0.3,110,39.98475192874957,39.821629046701226,39.290640543744054,39.05214050878336,39.48371258849247
2010-01-07,1742,142000,5660500,40.3,40.5,39.6,39.6,-0.3,72,39.85650128583305,39.78133285639191,39.31754136602718,39.068494523446546,39.48459022933404
2010-01-08,1742,72000,2834850,39.8,39.8,39.15,39.35,-0.25,52,39.6876675238887,39.70290870068429,39.320363855937856,39.07689767200038,39.48357445401831
2010-01-11,1742,255000,10290550,39.6,40.65,39.6,40.5,1.15,140,39.9584450159258,39.847834391468965,39.42294091194326,39.11937833850783,39.4912455902144
2010-01-12,1742,88000,3572500,40.9,41.15,40.2,40.3,-0.2,59,40.072296677283866,39.93004632029279,39.49920691960037,39.154620776164315,39.497349397080704
2010-01-13,1742,100000,4028350,40.3,40.9,39.8,40.05,-0.25,68,40.064864451522574,39.95185608023955,39.5471019700699,39.18134851418926,39.50152034502727
2010-01-14,1742,126000,5080500,40.15,40.6,40.05,40.3,0.25,74,40.143242967681715,40.01515497474145,39.61257136397687,39.21474109585525,39.50754660657423
2010-01-15,1742,118000,4773150,40.7,40.7,40.3,40.5,0.2,73,40.26216197845448,40.10330861569755,39.68973907145714,39.25310703329241,39.51503682086424
2010-01-18,1742,474000,19633700,40.5,42.2,40.15,41.6,1.1,263,40.70810798563632,40.37543432193436,39.85584871741739,39.32316353976129,39.53077239202753
2010-01-19,1742,225000,9364700,42.5,42.5,41.0,41.3,-0.3,129,40.90540532375754,40.543537172491746,39.981427089815874,39.38217358335051,39.54412505321977
2010-01-20,1742,203000,8313100,41.3,41.3,40.55,40.8,-0.5,81,40.87027021583836,40.590166777493245,40.05260734287536,39.42449675996691,39.553603354704904
2010-01-21,1742,213000,8571900,40.3,41.15,39.9,40.1,-0.7,124,40.613513477225574,40.50104554522174,40.0567284434949,39.44466103578879,39.557727102971285
2010-01-22,1742,138000,5459050,39.9,39.9,39.2,39.55,-0.55,81,40.25900898481705,40.32812817336325,40.012665100582296,39.44780548248166,39.55766878521301
2010-01-25,1742,60000,2378750,39.25,40.7,39.25,39.65,0.1,34,40.05600598987803,40.20483214184266,39.981129004879485,39.453841139721014,39.558365624569895
2010-01-26,1742,190000,7392850,39.65,39.9,38.4,38.45,-1.2,119,39.520670659918686,39.88577175241672,39.847987352281265,39.423875732565165,39.550000600988234
2010-01-27,1742,85000,3281450,38.45,39.0,38.3,38.5,0.05,50,39.180447106612455,39.633813251977315,39.730771060778544,39.396297352488595,39.542076068150585
2010-01-28,1742,51000,1988900,39.0,39.1,38.55,39.1,0.6,27,39.1536314044083,39.53675629707235,39.67592140331954,39.387452655399386,39.538739644994735
2010-01-29,1742,65000,2532100,38.8,39.6,38.45,39.4,0.3,46,39.235754269605536,39.511891515786466,39.65192823781349,39.387827202999404,39.537692553334395
2010-02-01,1742,58000,2260800,39.4,39.4,38.8,38.8,-0.6,36,39.09050284640369,39.38245669473438,39.577847521481885,39.370280122312856,39.532125062365836
2010-02-02,1742,88000,3426950,39.0,39.2,38.6,38.65,-0.15,52,38.943668564269124,39.24928275023722,39.49716512830955,39.34877922313934,39.52546751472534
2010-02-03,1742,52000,2014250,38.65,39.0,38.65,39.0,0.35,27,38.96244570951275,39.20395861383045,39.45393337802176,39.33836790304563,39.521501722161375
2010-02-04,1742,23000,896950,39.25,39.25,38.9,39.0,0.0,17,38.97496380634183,39.16687522949764,39.414460910367694,39.328267368626356,39.517565860107325
2010-02-05,1742,160000,6070200,38.5,38.5,37.5,37.5,-1.5,103,38.483309204227886,38.863807005952616,39.24798604859659,39.273692223294226,39.50233894795557
2010-02-06,1742,82000,3087150,37.55,38.3,37.5,37.5,0.0,51,38.155539469485255,38.61584209577941,39.095987261762104,39.22074618677798,39.48722695589553
2010-02-08,1742,16000,605950,37.5,38.2,37.5,38.1,0.6,13,38.13702631299017,38.52205262381952,39.00937967378279,39.187291076724904,39.476757318492545
2010-02-09,1742,132000,5104100,38.2,39.15,38.2,38.7,0.6,56,38.324684208660116,38.55440669221597,38.98247709345385,39.17274507443461,39.4708949991077
2010-02-10,1742,76000,2968900,38.7,39.2,38.7,39.0,0.3,44,38.549789472440075,38.63542365726761,38.984000824457866,39.1675885050485,39.46734107458613
2010-02-22,1742,70000,2789750,40.2,40.2,39.5,39.75,0.75,43,38.94985964829338,38.83807390140077,39.05060944841805,39.18497392280825,39.46947434949492
2010-02-23,1742,56000,2254850,39.8,40.45,39.8,40.45,0.7,42,39.44990643219559,39.13115137387336,39.17229558333822,39.222735895261735,39.47687454308363
2010-02-24,1742,58000,2347900,40.95,40.95,40.1,40.6,0.15,38,39.83327095479706,39.39821476044184,39.29644379348272,39.26384825659721,39.485350961626395
2010-02-25,1742,64000,2580100,40.7,40.7,40.1,40.1,-0.5,49,39.92218063653137,39.52581207672514,39.36631824622336,39.28880801013162,39.48998982229337
2010-02-26,1742,48000,1918400,40.1,40.2,39.8,39.85,-0.25,27,39.898120424354246,39.584755335502386,39.408377529160454,39.30556000982918,39.49270688023832
2010-03-01,1742,34000,1367500,40.2,40.4,39.9,40.1,0.25,23,39.96541361623616,39.678436183592865,39.46851861358128,39.32927463640144,39.49729022453841
2010-03-02,1742,43000,1725300,40.2,40.25,40.0,40.05,-0.05,31,39.993609077490774,39.74599324112143,39.5190822124003,39.35078882635961,39.5014616190702
2010-03-03,1742,69000,2768450,40.1,40.4,39.95,40.4,0.35,32,40.12907271832718,39.86490356091753,39.5956837591481,39.38210856288619,39.50824304081306
2010-03-04,1742,44000,1774400,40.6,40.6,40.05,40.05,-0.35,30,40.10271514555145,39.89855745893253,39.63518951922218,39.40204562071048,39.51233177258051
2010-03-05,1742,38000,1531800,40.2,40.4,40.2,40.25,0.2,25,40.1518100970343,39.96245610276298,39.688651300159385,39.42735769173405,39.51789907995726
2010-03-08,1742,91000,3679100,40.5,40.6,40.3,40.3,0.05,60,40.2012067313562,40.02382772044243,39.741812056667264,39.45340671586139,39.52380172841041
2010-03-09,1742,117000,4742200,40.3,40.9,40.3,40.8,0.5,72,40.4008044875708,40.16494995308926,39.83382839956576,39.49360353031329,39.53343341347901
2010-03-10,1742,147000,6052900,40.8,41.75,40.7,41.5,0.7,100,40.767202991713866,40.40768632525485,39.97871288656004,39.553495962244234,39.54827542545275
2010-03-11,1742,1162000,51118450,42.5,44.4,42.5,43.3,1.8,642,41.611468661142574,40.93356153884488,40.26752046164177,39.66533190366978,39.57659032790217
2010-03-12,1742,399000,17359100,42.9,44.0,42.8,43.7,0.4,245,42.30764577409505,41.436550349963994,40.56599694323814,39.785769757291575,39.60771040089913
2010-03-15,1742,284000,12390250,43.7,44.1,43.3,43.3,-0.4,153,42.638430516063366,41.77535937724327,40.8037363394783,39.8906721525963,39.635576737496116
2010-03-16,1742,116000,5032650,43.0,43.65,43.0,43.45,0.15,86,42.90895367737558,42.07983949047177,41.03384622300192,39.996920745056116,39.66436483759048
2010-03-17,1742,233000,10172250,44.0,44.2,43.45,44.0,0.55,134,43.27263578491705,42.42895958311327,41.29177263839306,40.11641564818877,39.69708661240112
2010-03-18,1742,435000,19549850,44.5,45.5,44.2,45.4,1.4,269,43.9817571899447,42.969148749819944,41.64900980027193,40.27413458406373,39.74012746815659
2010-03-19,1742,369000,17086200,45.5,46.8,45.5,45.9,0.5,219,44.621171459963136,43.50203079530723,42.018661121987414,40.44207086513646,39.7866170721705
2010-03-22,1742,202000,9201050,45.8,46.2,45.1,45.35,-0.55,137,44.864114306642094,43.83802519616046,42.308342763553725,40.588576212445815,39.828604867852235
2010-03-23,1742,686000,32593500,47.2,48.4,46.0,47.5,2.15,467,45.74274287109473,44.50383879685856,42.75979121889688,40.794887370283256,39.88650218960429
2010-03-24,1742,313000,14864500,48.0,48.2,47.0,47.0,-0.5,185,46.16182858072982,44.95768628833882,43.12850502594932,40.980114612961366,39.94018896553181
2010-03-25,1742,215000,10029700,47.0,47.0,46.3,46.55,-0.45,127,46.29121905381988,45.24719787227722,43.426026328040685,41.146379848395355,39.99007433182968
2010-03-26,1742,240000,11231050,46.0,47.4,46.0,47.1,0.55,120,46.560812702546585,45.58407098640863,43.74550229951541,41.32409985292087,40.04373414819323
2010-03-29,1742,306000,14552000,47.45,47.8,47.1,47.7,0.6,179,46.94054180169773,45.96878535251616,44.08937166477494,41.51442523044562,40.10151728669743
2010-03-30,1742,442000,21434500,47.9,49.0,47.9,49.0,1.3,247,47.62702786779848,46.51991528842231,44.516382824359724,41.73787522356665,40.16867564679783
2010-03-31,1742,594000,29551100,49.5,51.0,48.55,49.0,0.0,319,48.08468524519899,46.97083978143644,44.906262578763226,41.95465506763929,40.2353271513503
2010-04-01,1742,240000,11701300,48.7,49.35,48.3,49.0,0.0,162,48.389790163465996,47.33977800299345,45.262239745827294,42.16496387159035,40.30147562567973
2010-04-02,1742,1725000,88766050,49.05,52.4,49.05,51.9,2.9,824,49.55986010897733,48.16890927517646,45.8394362896684,42.455561964975715,40.38901165869347
2010-04-06,1742,832000,43360900,52.0,53.2,50.9,51.3,-0.6,450,50.13990673931822,48.73819849787165,46.314267916653755,42.71957504064808,40.47135874051465
2010-04-07,1742,648000,33350800,51.4,52.2,50.5,51.4,0.1,304,50.55993782621215,49.22216240734953,46.756505489118645,42.97869220361381,40.553839051907
2010-04-08,1742,1182000,63887300,51.4,54.9,51.1,54.1,2.7,577,51.7399585508081,50.10904196964962,47.395070229195284,43.31067154081937,40.656074228873734
2010-04-09,1742,638000,34808300,54.0,55.5,53.5,54.3,0.2,401,52.59330570053873,50.87103433880423,47.99549890491743,43.6387111963173,40.75904725356148
2010-04-12,1742,643000,34897100,55.8,55.8,53.1,53.4,-0.9,335,52.862203800359154,51.33084627720346,48.46545552188113,43.93009295165111,40.85445067051573
2010-04-13,1742,369000,19919700,53.4,54.9,53.4,54.3,0.9,215,53.34146920023944,51.87069240862102,48.972807215630596,44.23964241578093,40.95592651451184
2010-04-14,1742,269000,14545100,55.0,55.0,53.3,53.8,-0.5,184,53.494312800159626,52.22147560705356,49.392563109923586,44.525026224265076,41.0528629181759
2010-04-15,1742,612000,33517700,54.3,56.0,54.0,54.1,0.3,356,53.69620853343975,52.56302549668019,49.8019054481911,44.81084633697358,41.151331877284
2010-04-16,1742,255000,13781100,54.5,55.0,53.4,53.8,-0.3,186,53.73080568895983,52.78792995182925,50.14956584400057,45.07917928213855,41.24679352349318
2010-04-19,1742,437000,22790100,53.0,53.8,50.6,51.2,-2.6,265,52.88720379263989,52.49921541513302,50.24090794452226,45.261890348343364,41.321912062938516
2010-04-20,1742,273000,14029700,51.2,51.9,50.7,51.3,0.1,145,52.358135861759926,52.2811762487452,50.333002905868156,45.44213242749729,41.39721838699181
2010-04-21,1742,452000,23997200,51.5,54.0,51.5,54.0,2.7,296,52.90542390783995,52.59368965806425,50.65187221840136,45.69759116100484,41.492333719920175
2010-04-22,1742,315000,16965800,54.0,54.3,53.2,54.0,0.0,166,53.27028260522663,52.84938244750711,50.943013764627324,45.94542426067633,41.58673120127927
2010-04-23,1742,509000,27995500,54.0,55.8,54.0,54.8,0.8,249,53.78018840348442,53.204040184324,51.27840387205104,46.20973995438749,41.686453984665846
2010-04-26,1742,329000,17898800,55.2,55.5,53.4,54.8,0.0,203,54.12012560232295,53.49421469626509,51.58462962230747,46.46616562739084,41.78542414327214
2010-04-27,1742,220000,11948900,54.1,54.9,54.0,54.5,-0.3,109,54.24675040154863,53.677084751489616,51.83814008993291,46.705981578812015,41.88138320634178
2010-04-28,1742,180000,9721500,53.5,54.6,53.1,54.3,-0.2,103,54.264500267699084,53.790342069400594,52.05221486472135,46.932668695862404,41.97510861610524
2010-04-29,1742,251000,13647200,55.2,55.2,53.8,53.8,-0.5,129,54.10966684513272,53.7920980567823,52.20419618083254,47.13766366016502,42.06435307937991
2010-04-30,1742,303000,16076600,54.3,54.4,52.0,52.0,-1.8,198,53.406444563421815,53.46626204645825,52.18643999119493,47.2828080285183,42.13933909387516
2010-05-03,1742,222000,11679900,52.0,54.0,52.0,52.3,0.3,115,53.037629708947875,53.25421440164766,52.19631477456928,47.432574953040145,42.21602332712893
2010-05-04,1742,160000,8429400,53.0,53.3,52.3,52.7,0.4,95,52.92508647263192,53.15344814680263,52.240113489824125,47.58981152160611,42.29514767937702
2010-05-05,1742,217000,11100900,51.9,52.1,50.6,51.7,-1.0,158,52.51672431508795,52.88918484738397,52.193147099404634,47.712503714991,42.366127696891155
2010-05-06,1742,193000,9847300,50.8,51.6,50.5,50.5,-1.2,126,51.8444828767253,52.45478760240507,52.04591691684771,47.795712559319625,42.42751541238631
2010-05-07,1742,573000,28502050,48.1,52.0,48.0,51.4,0.9,263,51.69632191781687,52.26300803833142,51.98975022842617,47.90330322919068,42.49523227719849
2010-05-10,1742,293000,15058900,52.9,53.0,50.8,50.8,-0.6,166,51.397547945211244,51.99700657681662,51.88629368682389,47.98977178951335,42.55790976944605
2010-05-11,1742,230000,11836000,52.0,52.0,50.8,51.2,0.4,127,51.33169863014083,51.85209629012269,51.82661597492616,48.08559949728907,42.623133091940794
2010-05-12,1742,250000,12899600,51.2,51.9,51.0,51.3,0.1,92,51.32113242009388,51.751715146464015,51.780823281454325,48.18155175110133,42.688618879926146
2010-05-13,1742,455000,23840600,52.0,52.8,51.6,51.6,0.3,124,51.414088280062586,51.72413057437965,51.7650995178496,48.28359498241174,42.755874586492745
2010-05-14,1742,356000,18591300,51.5,52.8,51.4,52.1,0.5,118,51.64272552004172,51.792470469946984,51.79422129890616,48.3975175202502,42.82639628772676
2010-05-17,1742,85000,4324100,51.5,51.5,50.3,50.8,-1.3,67,51.36181701336115,51.61202129359299,51.70776727291432,48.469233415168105,42.88657442895146
2010-05-18,1742,160000,8045900,51.1,51.1,49.9,50.0,-0.8,111,50.90787800890743,51.31892651293972,51.55926577092177,48.51492794008846,42.940260659676355
2010-05-19,1742,165000,8305000,50.1,51.4,49.65,49.8,-0.2,113,50.53858533927162,51.042758056041585,51.4062861386677,48.553288300085825,42.99203227733918
2010-05-20,1742,116000,5771000,50.2,50.2,48.95,49.0,-0.8,76,50.02572355951441,50.67134750039766,51.19704386574008,48.566622977695204,43.037375429963035
2010-05-21,1742,307000,14597350,48.0,48.0,47.1,47.4,-1.6,171,49.15048237300961,50.0765570457799,50.86686613828442,48.53179841119684,43.07030089841614
2010-05-24,1742,132000,6303600,47.5,48.25,47.5,47.8,0.4,81,48.7003215820064,49.662637582910826,50.60018212625969,48.509953682504396,43.10599674069225
2010-05-25,1742,187000,8645850,47.8,47.8,45.3,46.5,-1.3,138,47.966881054670935,49.08761256783613,50.243644550063195,48.44995506511621,43.13161185963042
2010-05-26,1742,80000,3701900,45.8,46.7,45.8,46.55,0.05,61,47.494587369780625,48.6262284645932,49.92245806744901,48.393239988545574,43.157411015406794
2010-05-27,1742,60000,2831100,46.45,47.6,46.45,47.5,0.95,46,47.49639157985375,48.42145965284898,49.711809539844744,48.36657610829048,43.190185271894286
2010-05-28,1742,77000,3743350,48.4,49.0,48.1,48.1,0.6,65,47.697594386569165,48.36301244324007,49.5716521885539,48.358618612520615,43.22724047738942
2010-05-31,1742,25000,1205700,48.1,48.5,48.0,48.3,0.2,24,47.898396257712776,48.35155563537824,49.4610737373753,48.356868803191645,43.26552545491856
2010-06-01,1742,32000,1542000,48.3,48.5,48.1,48.2,-0.1,20,47.99893083847518,48.32400006530947,49.351415151516576,48.3521861523501,43.30276677223993
2010-06-02,1742,39000,1864050,47.6,48.2,47.6,47.6,-0.6,28,47.86595389231679,48.192363689798654,49.199118181819486,48.3297328343695,43.335198721128684
2010-06-03,1742,75000,3616200,48.1,48.6,47.9,48.2,0.6,43,47.97730259487786,48.193752109835266,49.112238339922136,48.32586021244802,43.371914202478656
2010-06-04,1742,55000,2698950,48.5,49.5,48.25,48.75,0.55,49,48.23486839658524,48.29488808986522,49.08073935384195,48.33852110162868,43.412503529252405
2010-06-07,1742,60000,2902900,47.5,48.8,47.5,48.8,0.05,37,48.42324559772349,48.38672661898063,49.05632723611656,48.3522965911323,43.45316387997503
2010-06-08,1742,110000,5413700,48.3,49.9,48.3,49.55,0.75,63,48.79883039848233,48.598230870075064,49.0992553025412,48.388048931695515,43.49917773748465
2010-06-09,1742,57000,2772400,49.2,49.5,48.0,48.7,-0.85,47,48.76588693232156,48.616734348243234,49.06453745014632,48.39736090388371,43.53842922625835
2010-06-10,1742,25000,1219500,48.8,49.0,48.25,48.8,0.1,25,48.77725795488104,48.65005537583537,49.04153419361185,48.409379981379715,43.57813919436206
2010-06-11,1742,62000,3045600,49.5,49.5,49.0,49.0,0.2,31,48.85150530325402,48.71368167113803,49.03792252460212,48.427010429696736,43.61905889855555
2010-06-14,1742,71000,3476000,49.5,49.5,48.55,49.0,0.0,38,48.90100353550268,48.765739549112936,49.03462491376715,48.44411459597445,43.65966977479287
2010-06-15,1742,80000,3919900,49.0,49.25,48.9,48.9,-0.1,48,48.900669023668456,48.79015054018331,49.02291839952653,48.4577231154976,43.6992194368699
2010-06-17,1742,99000,4850050,49.0,49.15,48.8,49.0,0.1,53,48.93377934911231,48.82830498742271,49.02092549521988,48.47391048518424,43.73922532791239
2010-06-18,1742,53000,2593450,48.9,49.0,48.7,48.7,-0.3,38,48.855852899408205,48.80497680789131,48.99301893041815,48.48065942592501,43.77666513675834
2010-06-21,1742,152000,7456800,48.8,49.8,48.8,49.0,0.3,67,48.9039019329388,48.840435570092886,48.99362597994701,48.49616212962874,43.816086531952614
2010-06-22,1742,51000,2499850,49.0,49.1,48.9,49.0,0.0,29,48.9359346219592,48.86944728462145,48.99418024256032,48.511202066057734,43.85521040718316
2010-06-23,1742,73000,3572100,48.8,49.2,48.6,49.2,0.2,40,49.023956414639464,48.92954777832664,49.012077612772465,48.53176319841422,43.895548441845925
2010-06-24,1742,145000,7263550,49.4,50.7,49.3,50.5,1.3,106,49.515970943092974,49.215084545903615,49.14146216818356,48.59051653577499,43.94539335926596
2010-06-25,1742,81000,4046800,50.0,50.2,49.7,49.9,-0.6,56,49.64398062872865,49.33961462846659,49.20742197964586,48.629605594408574,43.99033378674319
2010-06-28,1742,95000,4816800,50.1,51.3,50.1,50.3,0.4,65,49.86265375248576,49.51423015056358,49.30242876402448,48.679468113978466,44.037953909107394
2010-06-29,1742,83000,4180300,51.0,51.0,49.6,49.6,-0.7,49,49.77510250165717,49.529824668642924,49.328304523674525,48.706946677740305,44.07993161545375
2010-06-30,1742,67000,3277500,49.1,49.1,48.5,49.0,-0.6,53,49.516735001104784,49.43349291070785,49.299756304224566,48.71569453810626,44.117064207035234
2010-07-01,1742,37000,1818750,48.9,49.5,48.8,49.1,0.1,27,49.37782333406986,49.372857836033695,49.28238619081373,48.727166342938915,44.15467126962365
2010-07-02,1742,53000,2623150,49.1,49.85,49.1,49.7,0.6,30,49.485215556046576,49.43233822948211,49.3187004350908,48.756206153597454,44.196522807211394
2010-07-05,1742,52000,2614200,50.2,50.5,50.0,50.1,0.4,37,49.69014370403105,49.553731278667186,49.3866395276916,48.7963194027438,44.24107735206263
2010-07-06,1742,88000,4410300,50.1,50.8,49.8,50.1,0.0,62,49.82676246935404,49.653052864364064,49.44867087310972,48.83523524146786,44.28529563619801
2010-07-07,1742,33000,1651100,50.1,50.4,49.9,50.0,-0.1,24,49.88450831290269,49.716134161752414,49.49661253631757,48.87000433873748,44.32842548045312
2010-07-08,1742,84000,4206400,50.0,50.2,50.0,50.0,0.0,43,49.923005541935126,49.767746132342886,49.54038535924648,48.90373555250651,44.3712298164497
2010-07-09,1742,36000,1812200,51.0,51.0,50.1,50.1,0.1,27,49.982003694623415,49.82815592646236,49.589047501920696,48.939444938998854,44.41446581783499
2010-07-12,1742,92000,4636000,50.8,50.8,50.1,50.5,0.4,52,50.154669129748946,49.950309394378294,49.66826076262324,48.986028672163066,44.46039437770038
2010-07-13,1742,67000,3374000,50.5,50.7,50.2,50.2,-0.3,39,50.16977941983263,49.995707686309515,49.71449895717774,49.02226662224775,44.50371215598189
2010-07-14,1742,43000,2175000,50.2,50.7,50.2,50.6,0.4,32,50.31318627988842,50.105579016071424,49.79149904785793,49.069363140986624,44.549721875559385
2010-07-15,1742,138000,7031600,50.8,51.2,50.7,50.9,0.3,85,50.508790853258944,50.25001919496753,49.88789043500072,49.12400901737508,44.59764850291366
2010-07-16,1742,233000,11695350,51.0,51.0,49.95,50.1,-0.8,135,50.37252723550596,50.222742977700705,49.906334745000656,49.15314307655791,44.63917568402374
2010-07-19,1742,133000,6613600,50.0,50.0,49.5,50.0,-0.1,79,50.248351490337306,50.18224425448239,49.91447954978321,49.17842238770544,44.67963473546507
2010-07-20,1742,88000,4431600,50.0,50.7,50.0,50.3,0.3,37,50.26556766022487,50.20365439003105,49.94800306719336,49.21190231643065,44.72205258651817
2010-07-21,1742,69000,3499300,50.3,50.9,50.3,50.8,0.5,48,50.443711773483244,50.31208086457086,50.02208975700263,49.259308217432725,44.76792388775199
2010-07-22,1742,309000,16006700,50.8,52.5,50.6,51.6,0.8,167,50.82914118232216,50.54624798010343,50.15929934335023,49.32917961392727,44.81948672633499
2010-07-23,1742,171000,8905700,52.1,52.3,51.8,52.0,0.4,95,51.21942745488144,50.81056652917553,50.31936027001542,49.408905595601084,44.87367927934378
2010-07-26,1742,70000,3634200,52.3,52.3,51.8,51.8,-0.2,55,51.41295163658763,50.990463523870886,50.448111550883645,49.4802815479712,44.92595339799024
2010-07-27,1742,124000,6393700,51.9,52.1,51.2,51.5,-0.3,73,51.44196775772509,51.08310651953072,50.53958011167637,49.54057165101684,44.975568844043146
2010-07-28,1742,302000,15733500,51.5,53.2,51.3,52.8,1.3,148,51.89464517181673,51.39526897052514,50.73613836283495,49.6378680196432,45.03462115465414
2010-07-29,1742,194000,10193600,52.6,52.8,52.0,52.6,-0.2,108,52.12976344787782,51.6143109758842,50.898213287805824,49.726289869803104,45.09171835348694
2010-07-30,1742,150000,7867000,52.5,52.7,52.1,52.4,-0.2,75,52.21984229858521,51.757163525723435,51.02880343669227,49.80610211249555,45.14687519610213
2010-08-02,1742,366000,19507200,53.0,54.8,52.4,54.1,1.7,208,52.84656153239014,52.18313379377372,51.295864007414686,49.934278168838965,45.214445949339094
2010-08-03,1742,581000,32239300,54.2,56.5,54.2,55.2,1.1,295,53.631041021593425,52.7316549221785,51.635354093726455,50.09146389514228,45.28980862141955
2010-08-04,1742,607000,34319200,55.5,57.4,55.5,56.9,1.7,344,54.72069401439562,53.48953584541877,52.09314938992416,50.294703778869376,45.37743270729563
2010-08-05,1742,724000,41420600,57.0,58.0,56.0,56.2,-0.7,389,55.21379600959708,53.982347509888086,52.45026683427858,50.470981278007606,45.45911246044812
2010-08-06,1742,305000,17113900,56.4,56.8,55.6,56.3,0.1,157,55.57586400639806,54.40373887172662,52.785026239993485,50.64498183687305,45.540930479614545
2010-08-09,1742,1031000,60258700,56.5,60.1,56.3,59.4,3.1,480,56.85057600426537,55.31214998595814,53.36024134955927,50.90632566263803,45.64552723071179
2010-08-10,1742,421000,24819000,60.1,60.4,57.8,58.6,-0.8,270,57.43371733617691,55.90994089760212,53.81587253655411,51.1359875831563,45.74329683651774
2010-08-11,1742,454000,26339800,58.0,59.6,57.0,57.1,-1.5,246,57.322478224117944,56.12631527985628,54.10144883772332,51.31401780455462,45.82900780378931
2010-08-12,1742,309000,17748700,56.5,58.4,56.1,58.2,1.1,166,57.6149854827453,56.50334886533695,54.45784459096477,51.51956951188134,45.92237378262863
2010-08-13,1742,830000,50097100,58.4,61.1,58.4,60.6,2.4,470,58.609990321830196,57.24819452618478,54.99194506131566,51.790627138392345,46.03314832011823
2010-08-16,1742,592000,34910400,60.6,60.6,58.0,59.3,-1.3,335,58.8399935478868,57.62125006687846,55.36655853424473,52.01478752232093,46.1332755026079
2010-08-17,1742,874000,52412300,59.6,60.7,59.3,60.2,0.9,448,59.293329031924536,58.09011369108238,55.786857792136495,52.25912222314717,46.23943946107879
2010-08-18,1742,1584000,97447800,60.4,62.2,60.3,61.7,1.5,754,60.09555268794969,58.74645665634013,56.30104407108115,52.54093947021741,46.35612293684423
2010-08-19,1742,1167000,56914900,49.6,49.85,48.0,48.1,0.0,667,56.0970351252998,56.81073726427829,55.587909804030616,52.408374112897484,46.36928427316993
2010-08-20,1742,554000,26160700,48.0,48.0,46.8,46.9,-1.2,331,53.03135675019986,55.008785034409506,54.832439386288826,52.24394503490054,46.37328967488185
2010-08-23,1742,381000,17645000,46.5,46.8,46.0,46.05,-0.85,247,50.70423783346657,53.379915028153235,54.06874900487241,52.05905115326172,46.370849752807274
2010-08-24,1742,477000,22694200,46.05,48.1,46.05,47.8,1.75,290,49.73615855564438,52.36538502303446,53.52364039575307,51.93191529794048,46.38163579240873
2010-08-25,1742,248000,11698750,47.1,47.75,46.8,47.0,-0.8,168,48.82410570376292,51.389860473391835,52.9563673178615,51.78469394576315,46.38630269208866
2010-08-26,1742,156000,7287600,47.0,47.25,46.2,46.8,-0.2,104,48.14940380250861,50.55534038732059,52.4210310293518,51.63589711156127,46.38942493592196
2010-08-27,1742,120000,5589900,46.7,47.2,46.3,46.65,-0.15,76,47.64960253500574,49.845278498716844,51.91920224419078,51.487064361962425,46.39139154017915
2010-08-30,1742,183000,8593400,46.65,47.3,46.6,46.65,0.0,98,47.31640169000383,49.26431877167742,51.461010744695926,51.34267438100832,46.39334330214006
2010-08-31,1742,445000,20273100,46.4,46.4,44.8,45.3,-1.35,245,46.644267793335885,48.54353354046334,50.92527067993976,51.16229604127673,46.38509165457674
2010-09-01,1742,140000,6419300,45.3,46.0,45.3,45.7,0.4,82,46.329511862223924,48.026527442197285,50.470899316466735,50.999242428104296,46.379921151523334
2010-09-02,1742,139000,6341000,46.0,46.4,44.8,45.0,-0.7,96,45.88634124148262,47.476249725434144,49.995168941121804,50.82016056457879,46.36950665226655
2010-09-03,1742,236000,10646550,45.35,45.6,44.8,45.6,0.6,126,45.790894160988415,47.13511341171885,49.612980337546,50.664334876083906,46.36369905489096
2010-09-06,1742,131000,5991450,46.0,46.05,45.4,45.8,0.2,75,45.79392944065894,46.89236551867906,49.281416829933306,50.51913084993215,46.359444722401214
2010-09-07,1742,54000,2469450,45.8,45.85,45.65,45.8,0.0,39,45.795952960439294,46.693753606191954,48.97868493167824,50.378261272322234,46.355222498081204
2010-09-08,1742,56000,2558850,45.5,46.35,45.5,45.55,-0.25,45,45.71396864029286,46.48579840506614,48.68053841588013,50.234134070163364,46.34914534715229
2010-09-09,1742,92000,4180650,45.55,45.7,45.1,45.3,-0.25,59,45.575979093528574,46.27019869505411,48.38657855362968,50.086846485979386,46.341227269060575
2010-09-10,1742,164000,7387650,45.4,45.4,44.95,45.0,-0.3,104,45.383986062352385,46.039253477771545,48.09209346200971,49.935000322218805,46.331104799105404
2010-09-13,1742,88000,4020800,45.4,46.0,45.05,45.8,0.8,50,45.52265737490159,45.995752845449445,47.89278098705234,49.81156747677944,46.327096460998945
2010-09-14,1742,107000,4932450,46.0,46.2,46.0,46.2,0.4,70,45.748438249934395,46.032888691731365,47.74558264035214,49.703759492397964,46.32613724242537
2010-09-15,1742,78000,3590050,46.25,46.25,45.85,45.9,-0.3,51,45.798958833289596,46.00872711141657,47.585097193364994,49.590214432923396,46.322921112293855
2010-09-16,1742,116000,5324250,46.0,46.2,45.65,45.65,-0.25,64,45.74930588885973,45.943504000249916,47.41682787220282,49.4725960916421,46.31784246238975
2010-09-17,1742,271000,12318050,45.45,45.65,45.2,45.55,-0.1,136,45.68287059257315,45.87195781838629,47.2544950137504,49.35550367099607,46.31204742493775
2010-09-20,1742,311000,14031050,45.3,45.5,45.0,45.35,-0.2,167,45.5719137283821,45.77705639686151,47.088886751685145,49.235936397234994,46.3047866896552
2010-09-21,1742,169000,7617500,45.45,45.45,44.95,45.15,-0.2,112,45.4312758189214,45.66304614288669,46.92028790371252,49.11396814657126,46.29607131841252
2010-09-23,1742,115000,5208350,45.7,45.8,45.0,45.5,0.35,69,45.45418387928093,45.633401389634564,46.79678460773752,49.00608850040496,46.29006323299054
2010-09-24,1742,114000,5158950,45.4,45.7,45.0,45.2,-0.3,69,45.369455919520625,45.55460113697374,46.657933772282085,48.89247391830332,46.28183634066608
2010-09-27,1742,78000,3535600,45.2,45.5,45.2,45.4,0.2,47,45.379637279680416,45.52649183934215,46.54854822686625,48.78822096551814,46.275180972057285
2010-09-28,1742,84000,3805150,45.4,45.4,45.2,45.25,-0.15,45,45.33642485312028,45.476220595825396,46.435630989747445,48.68260242923402,46.26744375717384
2010-09-29,1742,86000,3893400,45.2,45.5,45.15,45.35,0.1,54,45.34094990208018,45.45327139658441,46.3412282949868,48.583121759704646,46.26051965334611
2010-09-30,1742,79000,3583950,45.35,45.5,45.2,45.3,-0.05,43,45.32729993472012,45.4254038699327,46.25068670411838,48.48511812508659,46.25327044841519
2010-10-01,1742,87000,3943300,45.3,45.55,45.25,45.25,-0.05,50,45.30153328981341,45.393512257217665,46.16367046897765,48.3885474347855,46.245698595974325
2010-10-04,1742,91000,4132200,45.25,45.55,45.25,45.35,0.1,60,45.31768885987561,45.385600937723545,46.092916515153505,48.29784452628444,46.23893860657075
2010-10-05,1742,152000,6905150,45.35,45.55,45.35,45.5,0.15,62,45.37845923991707,45.406400767228355,46.04135855731407,48.21432677923118,46.23336171142682
2010-10-06,1742,435000,20344650,45.5,47.3,45.5,47.1,1.6,269,45.95230615994471,45.714327900459566,46.133414334938934,48.18106329328398,46.23990237775567
2010-10-07,1742,325000,15528750,47.1,48.3,47.1,47.45,0.35,228,46.45153743996314,46.029904645830555,46.247900044944245,48.15924050840983,46.24903518999902
2010-10-08,1742,163000,7608350,47.45,47.45,46.1,46.2,-1.25,117,46.36769162664209,46.060831073861365,46.24373482364474,48.10075571711401,46.24866511309337
2010-10-11,1742,92000,4272200,46.5,46.6,46.3,46.5,0.3,49,46.41179441776139,46.140679969522935,46.26601875202346,48.05297196436434,46.25056198016436
2010-10-12,1742,201000,9339150,46.4,46.85,46.25,46.4,-0.1,91,46.40786294517426,46.18782906597331,46.27766929532577,48.003629517666894,46.25168981427633
2010-10-13,1742,105000,4879000,46.6,46.7,46.4,46.45,0.05,45,46.42190863011617,46.23549650852362,46.2926545739931,47.95725251713952,46.253186494923305
2010-10-14,1742,202000,9491850,46.5,47.4,46.5,46.95,0.5,99,46.59793908674411,46.3654062342466,46.34981504581978,47.92718527782193,46.25844546477294
2010-10-15,1742,221000,10329150,47.3,47.3,46.35,46.5,-0.45,86,46.565292724496075,46.38987782801995,46.362874607052845,47.8845827322153,46.260268517868994
2010-10-18,1742,193000,9008600,46.7,46.9,46.5,46.7,0.2,109,46.61019514966405,46.44626367747087,46.39218985861347,47.84922205364171,46.26358724603602
2010-10-19,1742,71000,3304450,46.9,46.9,46.35,46.4,-0.3,49,46.540130099776036,46.43785209974889,46.39286900134273,47.80596169383151,46.26461677625461
2010-10-20,1742,125000,5800900,46.2,46.7,46.15,46.6,0.2,51,46.56008673318402,46.46733353615818,46.41088039253032,47.76996283729923,46.26714797039609
2010-10-21,1742,34000,1587500,46.9,46.9,46.5,46.5,-0.1,21,46.540057822122684,46.473272893220326,46.418629923614645,47.73205349887239,46.26890534420442
2010-10-22,1742,79000,3688800,46.5,47.0,46.4,46.8,0.3,45,46.626705214748455,46.53267782172572,46.4517925389525,47.70423100636874,46.272913605757594
2010-10-25,1742,175000,8173200,46.95,46.95,46.5,46.9,0.1,79,46.71780347649897,46.59946367232104,46.49076710078272,47.68022411065624,46.27764633326131
2010-10-26,1742,57000,2674350,47.0,47.0,46.8,46.8,-0.1,36,46.74520231766598,46.63592482280813,46.51765691810596,47.65394876406949,46.28158862508575
2010-10-27,1742,69000,3208100,46.8,46.8,46.3,46.3,-0.5,54,46.59680154511065,46.57484758229756,46.49873022957501,47.61353238305249,46.28172757885869
2010-10-28,1742,66000,3056100,46.3,46.45,46.25,46.4,0.1,42,46.53120103007377,46.54305711278891,46.490144992220664,47.57730753579719,46.28262020090504
2010-10-29,1742,88000,4063350,46.4,46.4,46.05,46.15,-0.25,41,46.40413402004918,46.47159218319092,46.46056716681017,47.53470134069877,46.281619293728404
2010-11-01,1742,157000,7238200,46.0,46.2,45.95,46.0,-0.15,87,46.26942268003278,46.38584814988348,46.420517847957115,47.4888893603794,46.27949386509649
2010-11-02,1742,190000,8698400,46.0,46.1,45.45,45.5,-0.5,90,46.012948453355186,46.224784849904665,46.340472817699975,47.42951952872629,46.273610892529724
2010-11-03,1742,148000,6761700,45.6,45.9,45.4,45.5,0.0,88,45.841965635570126,46.09300578628564,46.2673882248565,47.371921930853865,46.26777231975591
2010-11-04,1742,68000,3110400,45.8,45.8,45.6,45.6,0.1,37,45.76131042371342,46.00336837059734,46.20935446617332,47.31902873888808,46.26273252866341
2010-11-05,1742,128000,5882700,46.0,46.2,45.7,46.05,0.45,72,45.85754028247561,46.01184684867055,46.195497556071295,47.2811472839959,46.2611270001452
2010-11-08,1742,144000,6693800,46.2,46.8,46.1,46.7,0.65,87,46.13836018831707,46.136965603457725,46.239367333804225,47.26379960387662,46.264439249200706
2010-11-09,1742,142000,6675450,46.9,47.4,46.7,46.9,0.2,101,46.39224012554472,46.27569913010178,46.29681365260386,47.25293991420866,46.2692359341124
2010-11-10,1742,48000,2248100,46.9,47.0,46.65,46.85,-0.05,32,46.54482675036314,46.38011747008327,46.344916813247,47.240911857068106,46.27361905913797
2010-11-11,1742,121000,5689000,46.85,47.2,46.85,46.9,0.05,68,46.66321783357543,46.474641566431764,46.39318491644292,47.23073538372279,46.27834646246523
2010-11-12,1742,110000,5162750,47.0,47.3,46.75,46.75,-0.15,64,46.69214522238362,46.524706736171446,46.4242123150131,47.21638507376091,46.281906111805114
2010-11-15,1742,144000,6674650,46.8,46.8,46.15,46.3,-0.45,72,46.561430148255745,46.48385096595845,46.413411244142395,47.18903029543969,46.28204266945187
2010-11-16,1742,74000,3446500,46.3,46.75,46.1,46.7,0.4,35,46.60762009883717,46.523150790329645,46.43833200552132,47.17443237617284,46.285197064399405
2010-11-17,1742,53000,2458750,46.5,46.5,46.3,46.45,-0.25,29,46.555080065891445,46.509850646633346,46.43934661373685,47.1528075291229,46.286440860139784
2010-11-18,1742,40000,1855350,46.45,46.5,46.3,46.5,0.05,23,46.53672004392763,46.50805961997274,46.444620821238,47.133320737208784,46.28805262723307
2010-11-19,1742,80000,3738350,46.6,47.1,46.6,46.65,0.15,49,46.574480029285084,46.53386696179588,46.46247988026078,47.11889325251598,46.2907843055181
2010-11-22,1742,130000,6085900,47.0,47.0,46.6,47.0,0.35,49,46.71632001952339,46.618618423287536,46.5092207602381,47.115344200202074,46.29613687679721
2010-11-23,1742,39000,1820400,46.95,46.95,46.55,46.6,-0.4,28,46.67754667968226,46.615233255417074,46.517114607173916,47.09996079124082,46.298430183387424
2010-11-24,1742,118000,5472550,46.5,46.5,46.3,46.4,-0.2,70,46.58503111978817,46.57609993625033,46.50693072828923,47.07906643926348,46.299196748041105
2010-11-25,1742,56000,2595250,46.5,46.5,46.25,46.3,-0.1,36,46.490020746525445,46.525899947841175,46.48893675191625,47.0558107246586,46.29920281032004
2010-11-26,1742,88000,4075250,46.4,46.5,46.2,46.4,0.1,59,46.460013831016965,46.503009048233686,46.481203121314834,47.03623428511655,46.29996354382706
2010-11-29,1742,44000,2039750,46.6,46.6,46.2,46.4,0.0,31,46.44000922067798,46.484280130373016,46.474141980330934,47.017242216904116,46.30071853594912
2010-11-30,1742,46000,2133650,46.4,46.55,46.25,46.25,-0.15,31,46.37667281378532,46.44168374303247,46.454651373345634,46.99433946416071,46.300335754545735
2010-12-01,1742,142000,6651050,46.4,47.15,46.3,46.95,0.7,101,46.56778187585688,46.53410488066293,46.497725166967754,46.99301589806636,46.305238880926524
2010-12-02,1742,131000,6176000,47.3,47.35,47.0,47.2,0.25,78,46.77852125057125,46.6551767205424,46.558792543753164,46.99919452797483,46.31199179503274
2010-12-03,1742,88000,4154100,47.3,47.3,47.1,47.15,-0.05,51,46.902347500380834,46.74514458953469,46.61020188777463,47.00369618385618,46.31831638525891
2010-12-06,1742,55000,2589200,47.2,47.2,46.85,46.85,-0.3,39,46.88489833358722,46.76420920961929,46.631053897533356,46.999108238069425,46.32232909178526
2010-12-07,1742,40000,1876150,47.0,47.0,46.85,46.95,0.1,31,46.90659888905815,46.79798935332487,46.658788341226106,46.99764232051511,46.32706623071518
2010-12-08,1742,58000,2727200,47.0,47.05,46.95,47.0,0.05,37,46.93773259270544,46.83471856181126,46.68845892024992,46.997712699007195,46.332144976143745
2010-12-09,1742,228000,10792100,47.05,47.8,47.0,47.8,0.8,144,47.225155061803626,47.01022427784557,46.785114666315145,47.0216615736637,46.34322312726719
2010-12-10,1742,163000,7821000,47.8,48.2,47.8,47.95,0.15,120,47.466770041202416,47.18109259096456,46.88640904315731,47.04937316847971,46.35534974517461
2010-12-13,1742,177000,8511450,48.2,48.35,47.8,48.1,0.15,99,47.67784669413494,47.34816666533464,46.99193869157841,47.08073516345046,46.36851691690914
2010-12-14,1742,116000,5596350,48.5,48.5,48.05,48.2,0.1,75,47.851897796089965,47.50304545345561,47.096987501006375,47.11414605409373,46.382339430743784
2010-12-15,1742,98000,4717500,48.45,48.45,48.05,48.2,0.0,61,47.96793186405998,47.62976446191823,47.19290163135365,47.1465596047178,46.3960576237193
2010-12-16,1742,72000,3467050,48.15,48.3,48.1,48.1,-0.1,42,48.01195457603998,47.715261832478554,47.27177975036638,47.17502051203966,46.4089175661818
2010-12-17,1742,66000,3184050,48.1,48.3,48.1,48.25,0.15,49,48.09130305069332,47.81248695384609,47.3568423807693,47.20710945197877,46.42281252794646
2010-12-20,1742,1148000,58530850,48.5,51.6,48.4,51.5,3.25,696,49.22753536712888,48.48294387132862,47.71711695635458,47.33525543848687,46.46113092396196
2010-12-21,1742,380000,19485500,51.6,52.0,50.5,51.3,-0.2,257,49.91835691141925,48.99513589472342,48.028672003628095,47.453606022412636,46.497650690573565
2010-12-22,1742,202000,10274400,51.4,51.4,50.6,50.9,-0.4,124,50.2455712742795,49.341474822955526,48.27835269896478,47.55648345457942,46.530875968380556
2010-12-23,1742,171000,8781600,51.0,51.8,50.7,51.6,0.7,121,50.69704751618633,49.752115764236336,48.567191594706976,47.67718544100989,46.56913350824183
2010-12-24,1742,101000,5197000,51.5,51.8,51.3,51.4,-0.2,75,50.931365010790884,50.05173107982973,48.81352276038463,47.78831423381556,46.60559287799095
2010-12-27,1742,110000,5620800,51.4,51.4,50.8,51.2,-0.2,75,51.020910007193926,50.26050724713342,49.02104252035118,47.89015559997032,46.640267648723096
2010-12-28,1742,158000,8032100,51.1,51.7,50.5,50.5,-0.7,110,50.847273338129284,50.30405138401825,49.14964751858151,47.96806140295628,46.66939770420443
2010-12-29,1742,96000,4879700,50.7,51.4,50.6,51.4,0.9,62,51.03151555875286,50.50331476874221,49.34533034305268,48.070507331226246,46.70510036304062
2010-12-30,1742,230000,11612700,50.3,51.4,50.1,50.3,-1.1,130,50.78767703916857,50.46634844715271,49.42834509583071,48.13705935118964,46.73223168105541
2010-12-31,1742,106000,5362100,50.3,51.0,50.3,50.5,0.2,75,50.691784692779045,50.47246691130676,49.52153247880195,48.207594892945174,46.7606676683682
2011-01-03,1742,156000,7908200,51.0,51.2,50.2,50.8,0.3,85,50.727856461852696,50.53201838197826,49.63270356760178,48.28498012002144,46.79115319539938
2011-01-04,1742,125000,6358900,50.8,51.2,50.6,51.2,0.4,73,50.88523764123513,50.65346958525494,49.768990213897276,48.37199563882677,46.8244275109058
2011-01-05,1742,99000,5030800,51.0,51.1,50.6,50.6,-0.6,70,50.790158427490084,50.64374784248131,49.841251934427945,48.43850323169761,46.85292239761594
2011-01-06,1742,92000,4651100,50.6,50.8,50.2,50.7,0.1,54,50.760105618326726,50.65397550748471,49.9159256792603,48.50601059791559,46.881956945558464
2011-01-07,1742,149000,7472150,50.5,50.5,49.95,50.0,-0.7,81,50.506737078884484,50.53507086976022,49.923236489759404,48.550607296485275,46.90548934596934
2011-01-10,1742,59000,2959200,50.3,50.5,50.0,50.3,0.3,37,50.43782471925632,50.492330711621996,49.95599853412815,48.602827974202135,46.93110829430165
2011-01-11,1742,61000,3073200,50.5,50.7,50.2,50.7,0.4,27,50.525216479504216,50.53008876405436,50.02069431376918,48.66543012422595,46.95955276000504
2011-01-12,1742,58000,2939300,50.7,51.0,50.6,50.6,-0.1,36,50.55014431966948,50.54279989786266,50.07106872126751,48.723178478726666,46.98702783351443
2011-01-13,1742,34000,1722600,51.0,51.0,50.5,50.6,0.0,28,50.56676287977965,50.55319991643309,50.117062745505116,48.77920300174975,47.01429554797848
2011-01-14,1742,35000,1762300,50.5,50.6,50.1,50.5,-0.1,29,50.54450858651977,50.54352720435434,50.15036163720033,48.830570076324385,47.04060275138996
2011-01-17,1742,139000,7005900,50.5,50.7,50.2,50.4,-0.1,59,50.49633905767985,50.51743134901719,50.172069320922034,48.877418730762464,47.0659566928889
2011-01-18,1742,164000,8257900,50.3,50.5,50.2,50.4,0.0,60,50.46422603845323,50.496080194650425,50.191889379972295,48.922868917903884,47.091119283885966
2011-01-19,1742,105000,5309000,50.4,50.8,50.4,50.6,0.2,42,50.50948402563549,50.514974704713985,50.2273772599747,48.97293253229481,47.117601402498146
2011-01-20,1742,61000,3095300,50.6,51.0,50.6,50.7,0.1,34,50.57298935042366,50.54861566749326,50.26847488954212,49.02448678506213,47.14463837304533
2011-01-21,1742,81000,4116100,50.7,51.0,50.7,50.9,0.2,50,50.68199290028244,50.61250372794903,50.323390116538455,49.080472254164754,47.172980724946875
2011-01-24,1742,65000,3321900,51.0,51.3,51.0,51.2,0.3,49,50.854661933521626,50.7193212319583,50.39961706292642,49.14374173911506,47.20337332324916
2011-01-25,1742,69000,3545700,51.7,51.7,51.2,51.5,0.3,50,51.06977462234775,50.861262826147694,50.495302535715425,49.21407780660416,47.23580069439445
2011-01-26,1742,68000,3498300,51.3,51.5,51.3,51.4,-0.1,42,51.17984974823183,50.95921503957538,50.57397188043582,49.279329215362246,47.267228613682036
2011-01-27,1742,102000,5228500,51.4,51.4,51.0,51.1,-0.3,68,51.15323316548789,50.984812305107134,50.6197134560501,49.333677596993226,47.296155190182546
2011-01-28,1742,79000,4025100,51.2,51.2,50.7,51.0,-0.1,54,51.102155443658596,50.987573704178565,50.65278185117618,49.38341856424716,47.324108735917015
2011-02-08,1742,72000,3669700,51.0,51.2,50.8,51.1,0.1,44,51.10143696243907,51.00801484887337,50.69167038585651,49.434659801135304,47.35260602847613
2011-02-09,1742,103000,5276300,51.4,51.4,51.1,51.3,0.2,57,51.16762464162604,51.061103058169124,50.744568613173335,49.49034159811634,47.382397681091405
2011-02-10,1742,276000,14427600,51.3,53.0,51.2,52.3,1.0,176,51.54508309441736,51.28635704759292,50.87982351637565,49.574211998172565,47.419511660856756
2011-02-11,1742,166000,8543200,52.5,52.6,50.9,51.3,-1.0,112,51.46338872961157,51.28883758439421,50.9163606019082,49.625728057928605,47.44879836530312
2011-02-14,1742,77000,3938900,51.1,51.5,50.9,51.2,-0.1,56,51.37559248640772,51.272685296322535,50.94102489739445,49.672721250229245,47.47710932103668
2011-02-15,1742,96000,4904500,51.2,51.3,50.9,51.2,0.0,58,51.317061657605144,51.25946978790026,50.963544471534064,49.71831166067016,47.5052066091798
2011-02-16,1742,80000,4149000,51.2,52.3,51.2,52.0,0.8,48,51.54470777173676,51.39411164464567,51.05367103922676,49.78642176035165,47.53912957816712
2011-02-17,1742,86000,4468600,52.0,52.4,51.8,52.0,0.0,52,51.696471847824505,51.504273163801,51.1359605140766,49.852498722729216,47.57279652474699
2011-02-18,1742,92000,4796800,52.5,52.5,51.9,52.0,0.0,64,51.79764789854967,51.594405315837186,51.21109438241776,49.91660323846864,47.60620938116399
2011-02-21,1742,110000,5763600,52.0,52.8,52.0,52.8,0.8,54,52.13176526569978,51.81360434932133,51.34926008829448,50.00267478358898,47.645407800928794
2011-02-22,1742,177000,9245400,52.9,53.0,51.6,52.4,-0.4,126,52.22117684379985,51.92022174035382,51.44062877626887,50.074236730347515,47.68129151563877
2011-02-23,1742,152000,7874100,52.4,52.4,51.6,51.8,-0.6,101,52.08078456253323,51.89836324210767,51.471878447897666,50.12575205182968,47.71237610797357
2011-02-24,1742,60000,3108400,51.8,51.9,51.6,51.7,-0.1,42,51.953856375022156,51.86229719808809,51.491715104602214,50.172744527894466,47.74247138263037
2011-02-25,1742,165000,8454200,52.0,52.0,50.9,51.2,-0.5,106,51.70257091668144,51.74187952570844,51.46634857376724,50.20340887034538,47.76856593823316
2011-03-01,1742,72000,3685300,51.2,51.4,51.0,51.4,0.2,59,51.60171394445429,51.67971961194327,51.46057913257009,50.23912800854402,47.79597298775593
2011-03-02,1742,50000,2557000,51.4,51.4,51.0,51.0,-0.4,41,51.40114262963619,51.556134227953585,51.42052877321617,50.2618406053039,47.820154323697395
2011-03-03,1742,73000,3765300,51.0,52.0,51.0,51.8,0.8,52,51.534095086424124,51.60047345923475,51.45352627119737,50.307755811115726,47.8501908948393
2011-03-04,1742,29000,1500600,52.0,52.0,51.7,51.7,-0.1,21,51.58939672428275,51.61856919391934,51.47495876935412,50.34931533914212,47.87924605789712
2011-03-07,1742,52000,2685400,51.7,52.0,51.4,51.5,-0.2,34,51.5595978161885,51.59701115866128,51.47713626767115,50.38366413498863,47.90657250274318
2011-03-08,1742,75000,3861900,51.5,51.8,51.3,51.8,0.3,34,51.639731877459,51.63391822072287,51.50521137483018,50.425942817526284,47.93595686121304
2011-03-09,1742,72000,3731800,52.0,52.1,51.6,51.7,-0.1,51,51.659821251639336,51.645933089682345,51.5221495161493,50.46397437521207,47.964364733958604
2011-03-10,1742,66000,3388600,51.7,51.7,51.0,51.4,-0.3,42,51.57321416775956,51.601217982467375,51.51152781909284,50.49191543863857,47.99029405672118
2011-03-11,1742,77000,3943300,51.2,51.5,51.0,51.5,0.1,52,51.54880944517304,51.58281471292785,51.51052540004129,50.52200751509712,48.01678240346291
2011-03-14,1742,129000,6593100,51.2,51.8,50.9,51.3,-0.2,72,51.465872963448696,51.531393856031876,51.49221884351596,50.54523117136288,48.04156140419149
2011-03-15,1742,355000,17505450,51.0,51.0,48.0,49.2,-2.1,215,50.710581975632465,51.10750406402608,51.292895465818916,50.505075016993835,48.050304336990045
2011-03-16,1742,115000,5616450,48.5,49.5,48.5,49.5,0.3,82,50.30705465042164,50.81523059783952,51.13699151226945,50.47507277768059,48.061245436333515
2011-03-17,1742,141000,6803850,48.2,49.3,47.8,48.7,-0.8,83,49.771369766947764,50.430643216414154,50.92507920685471,50.42208553058565,48.06606622549326
2011-03-18,1742,65000,3215050,48.7,49.9,48.7,49.3,0.6,41,49.61424651129851,50.225071722520674,50.78376797147604,50.3885904401204,48.07537893322539
2011-03-21,1742,40000,1986750,49.6,50.1,49.45,49.95,0.65,32,49.72616434086567,50.17505868206237,50.71126640873899,50.37549818817651,48.089527016748214
2011-03-22,1742,54000,2733600,50.1,51.4,50.1,51.2,1.25,42,50.21744289391045,50.36141164896012,50.753764981892125,50.400110182559295,48.11300228454634
2011-03-23,1742,43000,2183600,50.9,51.0,50.6,50.8,-0.4,32,50.4116285959403,50.441154985512824,50.757785418249334,50.41204719203514,48.1332815125875
2011-03-24,1742,64000,3262800,50.6,51.4,50.6,51.0,0.2,43,50.60775239729353,50.542763169965035,50.77884755579287,50.42959802212364,48.154917123813256
2011-03-25,1742,80000,4078000,51.3,51.6,50.2,50.5,-0.5,56,50.57183493152902,50.53498804815321,50.75459994224567,50.43169957370204,48.17261586250146
2011-03-28,1742,51000,2581500,50.5,50.8,50.5,50.6,0.1,34,50.581223287686015,50.54680840303445,50.74115646900692,50.436723467024365,48.19093574278447
2011-03-29,1742,334000,17512500,51.4,53.3,51.4,52.8,2.2,233,51.32081552512401,50.95647960248273,50.92018634126718,50.50726903517289,48.22572113340496
2011-03-30,1742,485000,26195900,53.0,54.8,53.0,54.4,1.6,310,52.347210350082676,51.58257422021314,51.222778833330906,50.623469959496084,48.272319464473604
2011-03-31,1742,190000,10341300,54.7,55.0,53.8,54.0,-0.4,129,52.89814023338845,52.02210618017439,51.46427632608474,50.724261901003665,48.315547242100216
2011-04-01,1742,140000,7571200,54.6,54.6,53.6,54.0,0.0,95,53.265426822258966,52.381723238324504,51.684774036859984,50.822045127839374,48.35844877234852
2011-04-06,1742,177000,9553400,54.1,54.6,53.5,54.0,0.0,121,53.51028454817264,52.67595537681096,51.88609803365477,50.91690945238148,48.40102651746287
2011-04-07,1742,184000,9901600,54.0,54.0,53.6,53.8,-0.2,91,53.60685636544843,52.880327126481696,52.052524291597834,51.00297185678801,48.44177348714239
2011-04-08,1742,216000,11596000,53.5,54.0,53.2,53.2,-0.6,124,53.47123757696562,52.93844946712139,52.15230478798063,51.068554786436124,48.47768463063566
2011-04-11,1742,132000,6976200,53.0,53.2,52.7,52.9,-0.3,91,53.280825051310416,52.9314586549175,52.21732176293884,51.123224792811165,48.51106059568746
2011-04-12,1742,143000,7497800,52.8,52.8,52.0,52.8,-0.1,80,53.12055003420694,52.90755708129613,52.26798943572676,51.173277784070535,48.54342994968227
2011-04-13,1742,68000,3587600,52.6,53.2,52.2,52.9,0.1,39,53.04703335613796,52.90618306651502,52.32294687609835,51.224821730814696,48.57630972364693
2011-04-14,1742,83000,4416700,52.9,53.5,52.9,53.2,0.3,44,53.098022237425305,52.959604327148654,52.39921236513327,51.283782276163514,48.61120549931752
2011-04-15,1742,196000,10510900,53.2,54.1,52.9,53.3,0.1,114,53.165348158283535,53.02149444948526,52.4775417246869,51.343967879860124,48.64659262762456
2011-04-18,1742,74000,3953400,54.0,54.0,53.3,53.3,0.0,50,53.21023210552236,53.07213182230612,52.54905983558369,51.402356898371764,48.681712683265125
2011-04-19,1742,104000,5523600,53.3,54.0,52.6,53.1,-0.2,62,53.17348807034824,53.077198763705006,52.59696767596772,51.453032811853205,48.71505824791973
2011-04-20,1742,85000,4518800,53.5,53.5,53.0,53.3,0.2,51,53.215658713565496,53.117708079395,52.65810092153574,51.50816616075311,48.74966158189769
2011-04-21,1742,133000,7103800,53.3,53.8,53.0,53.2,-0.1,71,53.210439142377,53.13267024677773,52.705222580532634,51.5586686634172,48.78324904165695
2011-04-22,1742,70000,3722200,53.2,53.5,53.0,53.2,0.0,52,53.20695942825133,53.14491202009087,52.74824670396458,51.60766362868833,48.81658301115388
2011-04-25,1742,88000,4687400,53.2,53.5,53.0,53.3,0.1,48,53.23797295216755,53.1731098346198,52.796225251445925,51.65818113230957,48.850420120503664
2011-04-26,1742,107000,5683500,53.1,53.3,53.0,53.0,-0.3,65,53.158648634778366,53.14163531923438,52.81394479479845,51.6982354268675,48.88173770449986
2011-04-27,1742,178000,9475100,53.0,54.2,52.9,53.2,0.2,92,53.172432423185576,53.15224707937359,52.84751481264207,51.743064220095334,48.91432836333382
2011-04-28,1742,122000,6479400,53.2,53.3,52.9,52.9,-0.3,69,53.08162161545705,53.10638397403294,52.85207874197754,51.7775996165104,48.944408903987906
2011-04-29,1742,115000,6086600,52.6,53.2,52.6,53.0,0.1,64,53.0544144103047,53.087041433299675,52.864941460066454,51.81408918019666,48.97501713867479
2011-05-03,1742,879000,43344100,49.35,50.0,49.3,49.3,-3.7,421,51.80294294020313,52.398488445427006,52.55494655049546,51.739041741981836,48.977469839514974
2011-05-04,1742,664000,31595400,47.2,49.2,46.7,48.75,-0.55,368,50.78529529346876,51.735126909894824,52.22408163306107,51.64981661535551,48.9757530860092
2011-05-05,1742,273000,13267600,48.3,49.3,47.9,49.0,0.25,177,50.190196862312504,51.23783110809576,51.94372670844706,51.570717611912066,48.97593608158649
2011-05-06,1742,121000,5943150,48.9,49.5,48.8,49.1,0.1,80,49.826797908208334,50.84913454298744,51.69644612510384,51.49696484737738,48.976872413046216
2011-05-09,1742,120000,5907450,49.1,49.5,49.0,49.3,0.2,65,49.651198605472224,50.567473716989724,51.48805950552959,51.431383807157154,48.979311111815676
2011-05-10,1742,105000,5151850,49.3,49.3,48.9,49.0,-0.3,68,49.43413240364815,50.28247849571886,51.271706505048755,51.35880518604799,48.97946725436801
2011-05-11,1742,140000,6802200,49.0,49.1,48.0,48.2,-0.8,91,49.022754935765434,49.903846041951795,51.00460159156626,51.26451249392715,48.97358448263693
2011-05-12,1742,170000,8163400,48.0,48.2,47.8,48.2,0.0,97,48.74850329051029,49.59405585250602,50.76072319229963,51.173034509033805,48.96774610918307
2011-05-13,1742,47000,2280950,48.5,49.0,48.3,48.7,0.5,35,48.73233552700686,49.431500242959466,50.581529871230096,51.09921258339101,48.965725383830744
2011-05-16,1742,45000,2162900,48.5,48.5,48.0,48.0,-0.7,36,48.48822368467124,49.17122747151229,50.35704901286226,51.00669877493157,48.95843689036787
2011-05-17,1742,53000,2548400,48.0,48.3,48.0,48.3,0.3,35,48.42548245644749,49.01282247669187,50.17817518565685,50.9259017965754,48.95346755534623
2011-05-18,1742,119000,5713800,48.3,48.3,47.8,48.2,-0.1,64,48.35032163763166,48.86503657183881,50.00615995212147,50.84453159369256,48.947781007758714
2011-05-19,1742,92000,4411650,48.0,48.2,47.9,47.9,-0.3,44,48.20021442508777,48.68957537695903,49.82301560845873,50.7566351282092,48.93987322656808
2011-05-20,1742,187000,8917050,47.8,48.05,47.4,47.7,-0.2,90,48.03347628339185,48.509652581148295,49.63840555554928,50.665392288561165,48.93051569278266
2011-05-23,1742,262000,12221100,47.45,47.45,46.3,46.5,-1.2,159,47.52231752226123,48.1442612027577,49.36550072463195,50.54105222024591,48.91217217812015
2011-05-24,1742,238000,10917450,46.5,46.7,45.3,46.7,0.2,131,47.24821168150749,47.88166825680175,49.13371805292483,50.42639394501469,48.89547653904
2011-05-25,1742,42000,1945200,46.7,46.8,45.9,46.6,-0.1,36,47.032141121005,47.64863766465598,48.91339474397484,50.31217323023813,48.87815218780196
2011-05-26,1742,246000,12048250,46.9,49.85,46.9,48.5,1.9,150,47.521427414003334,47.80343081653671,48.87744737493355,50.25807850694744,48.8752982090261
2011-05-27,1742,49000,2362900,49.5,49.5,47.5,48.0,-0.5,41,47.68095160933556,47.83917066807549,48.8011476032002,50.19067317838184,48.86869218480703
2011-05-30,1742,47000,2265300,48.0,48.3,48.0,48.1,0.1,28,47.820634406223704,47.88659418297085,48.740178246400184,50.12826502380328,48.86289073435566
2011-05-31,1742,62000,2978400,48.3,48.3,48.0,48.25,0.15,32,47.9637562708158,47.95266796788524,48.69755405106104,50.07219741115244,48.858265143907694
2011-06-01,1742,72000,3435300,48.2,48.2,47.4,47.8,-0.45,46,47.90917084721053,47.92491015554247,48.619505872707904,50.00437062275983,48.85027823716122
2011-06-02,1742,146000,6881000,47.6,47.6,46.8,47.05,-0.75,89,47.62278056480702,47.76583558180747,48.483027101168084,49.91618045491625,48.83669123159774
2011-06-03,1742,243000,11317350,47.0,47.0,46.3,47.0,-0.05,119,47.41518704320468,47.62659274875157,48.354068222805644,49.82913029208293,48.82282941098191
2011-06-07,1742,59000,2766400,47.0,47.0,46.7,47.0,0.0,47,47.27679136213646,47.5126667944331,48.23632315995298,49.74467864157299,48.80907220788016
2011-06-08,1742,74000,3482450,47.0,47.2,46.9,47.0,0.0,43,47.18452757475764,47.41945464999072,48.12881679821794,49.66274793585439,48.79541883272635
2011-06-09,1742,88000,4137750,47.0,47.2,46.95,47.1,0.1,42,47.15635171650509,47.36137198635604,48.03935446793812,49.58624799747068,48.78262321889445
2011-06-10,1742,133000,6236700,47.0,47.2,46.6,47.0,-0.1,44,47.10423447767006,47.29566798883676,47.94897581855219,49.50904656471036,48.769169458751854
2011-06-13,1742,277000,13143950,46.9,49.3,46.75,46.8,-0.2,135,47.002822985113376,47.20554653632099,47.84906487780852,49.42817950307722,48.75430780245939
2011-06-14,1742,87000,4104400,47.0,47.5,47.0,47.1,0.3,47,47.03521532340892,47.186356256989896,47.783928801477344,49.35868160746297,48.74182246055403
2011-06-15,1742,57000,2683550,47.1,47.3,47.0,47.2,0.1,35,47.09014354893928,47.18883693753719,47.733152383957574,49.29424335052378,48.73018606462532
2011-06-16,1742,81000,3790800,47.2,47.4,46.65,46.65,-0.55,46,46.943429032626184,47.0908665852577,47.63896522013518,49.21531071319471,48.714486547156454
2011-06-17,1742,69000,3229750,46.5,47.0,46.5,46.75,0.1,37,46.878952688417456,47.02889084248357,47.561663896645165,49.141719348621734,48.69966023359301
2011-06-20,1742,211000,9749000,46.75,46.85,46.05,46.05,-0.7,97,46.602635125611634,46.85091068930474,47.43021486215428,49.04942921881213,48.67966279786778
2011-06-21,1742,103000,4728000,46.05,46.25,45.75,45.75,-0.3,66,46.31842341707442,46.65074510943115,47.28410922196695,48.950938794369975,48.65755213524236
2011-06-22,1742,385000,17702450,45.8,46.15,45.8,46.1,0.35,73,46.245615611382945,46.55060963498912,47.181143202665474,48.86583614379177,48.63824985497638
2011-06-23,1742,64000,2928700,46.0,46.0,45.6,45.8,-0.3,43,46.097077074255296,46.41413515590019,47.061043793738044,48.774318646962165,48.616829101353915
2011-06-24,1742,137000,6254650,45.65,45.85,45.5,45.85,0.05,72,46.01471804950353,46.3115651275547,46.955735637760824,48.687025553023,48.59594737228709
2011-06-27,1742,105000,4770400,45.3,45.6,45.3,45.5,-0.35,68,45.84314536633568,46.164007831635665,46.82914993012945,48.591890461887985,48.57258173174153
2011-06-28,1742,129000,5870600,45.4,45.8,45.4,45.7,0.2,78,45.79543024422379,46.07964277133827,46.730962979683405,48.50556537347342,48.55090186961518
2011-06-29,1742,121000,5513550,45.7,45.7,45.5,45.7,0.0,84,45.76362016281586,46.010616812913135,46.64131402492833,48.42181715336973,48.52938562908978
2011-06-30,1742,121000,5520500,45.7,45.7,45.6,45.7,0.0,67,45.74241344187724,45.95414102874711,46.5594606314563,48.34056888013481,48.50803177528533
2011-07-01,1742,180000,8211300,45.5,45.9,45.5,45.75,0.05,116,45.744942294584824,45.91702447806582,46.489072750460096,48.26323846580243,48.48721644113223
2011-07-04,1742,196000,8942500,45.8,45.85,45.5,45.65,-0.1,102,45.71329486305655,45.868474572962946,46.416109902594,48.18523134742027,48.465803486859535
2011-07-05,1742,483000,21673250,45.65,45.65,44.45,44.75,-0.9,247,45.39219657537103,45.66511555969696,46.2712307806293,48.08268712809429,48.43775968695871
2011-07-06,1742,276000,12082700,44.5,44.5,43.4,43.5,-1.25,182,44.76146438358069,45.271458185206605,46.03025419100936,47.94589049740491,48.40049357611373
2011-07-07,1742,217000,9441100,43.5,43.9,43.3,43.9,0.4,135,44.47430958905379,45.02210215153268,45.84501469613898,47.82511764673611,48.366527586860045
2011-07-08,1742,180000,7822450,43.6,43.6,43.35,43.35,-0.55,138,44.09953972603586,44.71808357852674,45.628056896474725,47.691532045341006,48.32866700129884
2011-07-11,1742,461000,19340600,43.35,43.35,41.25,41.5,-1.85,254,43.2330264840239,44.132977473340055,45.26909542721605,47.506710193241275,48.277129891855076
2011-07-12,1742,324000,13050700,41.0,41.2,39.95,40.2,-1.3,194,42.222017656015936,43.4178906600055,44.82830452050161,47.28859944120422,48.21617042097315
2011-07-13,1742,278000,11160250,40.2,40.6,39.9,40.0,-0.2,164,41.48134510401062,42.79645599454995,44.40845195350147,47.07102930863096,48.15416158760731
2011-07-14,1742,119000,4780650,40.0,40.5,40.0,40.5,0.5,93,41.154230069340414,42.378918540995414,44.06858656624047,46.874879180015114,48.09639433034235
2011-07-15,1742,102000,4120300,40.4,40.8,40.0,40.8,0.3,91,41.036153379560275,42.09184244263261,43.78436164743695,46.693539502999734,48.0413272033209
2011-07-18,1742,331000,14392250,43.65,43.65,42.15,43.65,2.85,227,41.907435586373516,42.375143816699406,43.7726780259207,46.602687577537054,48.008185111220364
2011-07-19,1742,292000,12488050,43.7,43.7,41.5,42.8,-0.85,210,42.20495705758234,42.45239039548133,43.68809732801455,46.48917451552102,47.96887805377719
2011-07-20,1742,200000,8440950,42.8,42.8,42.05,42.6,-0.2,169,42.33663803838823,42.47922850539381,43.59348016905676,46.37307975386368,47.92835821940906
2011-07-21,1742,152000,6394100,42.6,42.6,41.8,42.55,-0.05,132,42.40775869225882,42.49209604986766,43.50274276305183,46.25895797016626,47.88776683662107
2011-07-22,1742,149000,6280850,42.5,42.5,42.0,42.4,-0.15,129,42.40517246150588,42.47535131352809,43.406852088003845,46.143765194937416,47.84634972842016
2011-07-25,1742,228000,9614250,42.4,42.6,41.9,42.2,-0.2,157,42.33678164100392,42.425287438341165,43.30190842817743,46.026040860760176,47.80373576820567
2011-07-26,1742,222000,9308750,42.0,42.2,41.8,42.0,-0.2,155,42.22452109400261,42.347962449551865,43.18869899964026,45.90586053655838,47.759933988822986
2011-07-27,1742,215000,8955950,42.0,42.0,41.5,41.8,-0.2,175,42.083014062668404,42.24833291326971,43.06794256488893,45.783297535467085,47.714953354945074
2011-07-28,1742,313000,12875000,41.55,41.6,40.9,41.25,-0.55,217,41.8053427084456,42.06681783812976,42.90986060272468,45.64797522097553,47.66616125415304
2011-07-29,1742,368000,14946000,40.9,40.9,40.5,40.6,-0.65,260,41.4035618056304,41.80012368574253,42.70900315900949,45.497289393483726,47.61283173525377
2011-08-01,1742,697000,28472900,40.6,41.4,40.6,40.7,0.1,495,41.1690412037536,41.6001011974257,42.5343072321391,45.354086725021524,47.560659420270724
2011-08-02,1742,407000,12692800,30.2,31.65,30.2,31.45,0.0,267,37.9293608025024,39.75462825243921,41.570454429344394,44.93903936009551,47.439069537853584
2011-08-03,1742,259000,8060350,31.5,31.55,30.8,30.8,-0.65,164,35.55290720166827,38.126514024722994,40.6338931746188,44.51697848367475,47.313491654549026
2011-08-04,1742,181000,5567900,30.8,31.0,30.4,30.6,-0.2,129,33.901938134445516,36.75805692931881,39.76138072465194,44.10154629013222,47.18735209489205
2011-08-05,1742,357000,10376100,29.0,29.8,28.9,28.95,-1.65,172,32.25129208963034,35.33841021489721,38.82126066163873,43.649261326247675,47.049711701723055
2011-08-08,1742,339000,9280400,28.95,28.95,27.0,27.05,-1.9,173,30.51752805975356,33.831426539461354,37.797672778017976,43.15376098815073,46.89877048133269
2011-08-09,1742,389000,9938300,25.25,27.2,25.2,27.0,-0.05,220,29.345018706502373,32.589348986832015,36.85874471036424,42.67155916760892,46.74859108147358
2011-08-10,1742,212000,5973400,27.5,28.55,27.5,28.55,1.55,156,29.08001247100158,31.8549218983171,36.13624517033257,42.250020087978804,46.611243224254906
2011-08-11,1742,145000,4054750,28.0,28.55,27.15,28.5,-0.05,98,28.88667498066772,31.244936098623082,35.47222385117322,41.839571727143614,46.47455459614732
2011-08-12,1742,89000,2579000,29.0,29.5,28.8,28.9,0.4,64,28.89111665377848,30.81858408069161,34.900726124984246,41.45331585469157,46.34191644825187
2011-08-15,1742,65000,1950850,29.45,30.8,29.3,30.8,1.9,57,29.527411102518986,30.8152051569295,34.544141244550836,41.13530642619331,46.224618965623556
2011-08-16,1742,96000,2998500,31.0,31.8,30.6,31.7,0.9,79,30.251607401679323,30.976076946578683,34.296824614589895,40.853655488097985,46.114999199845265
2011-08-17,1742,151000,4928750,33.75,33.75,31.1,32.4,0.7,101,30.967738267786213,31.234972047200742,34.13188334375599,40.601307563080134,46.0114897719219
2011-08-18,1742,71000,2262300,32.4,32.5,31.1,32.0,-0.4,53,31.311825511857474,31.374068038618788,33.94650218342938,40.34455211343595,45.90574267930362
2011-08-19,1742,120000,3646400,31.0,31.0,30.0,30.5,-1.5,88,31.041217007904983,31.215146577051737,33.64680634139204,40.05068488616921,45.789472923233404
2011-08-22,1742,83000,2455350,30.05,30.5,29.0,30.0,-0.5,60,30.694144671936655,30.994210835769604,33.32969274648839,39.750664441805945,45.67030708985051
2011-08-23,1742,48000,1445350,30.0,30.9,29.3,30.9,0.9,40,30.762763114624438,30.9770815929024,33.11841511635897,39.486465503244574,45.55883307407805
2011-08-24,1742,30000,926500,31.1,31.1,30.5,30.6,-0.3,17,30.70850874308296,30.908521303283784,32.899422497545146,39.22119787628205,45.445936220688786
2011-08-25,1742,37000,1140350,31.0,31.0,30.5,30.8,0.2,25,30.73900582872197,30.888790157232187,32.71686401949774,38.969818835199,45.33540085298547
2011-08-26,1742,46000,1437700,32.0,32.0,30.5,30.85,0.05,31,30.77600388581465,30.88173740137179,32.554528017802284,38.72743618340201,45.22607707296294
2011-08-29,1742,42000,1306500,31.0,31.5,30.65,30.8,-0.05,25,30.7840025905431,30.866876055667827,32.401960364080345,38.49079629733031,45.11720101958208
2011-08-30,1742,30000,918150,30.9,30.9,30.3,30.5,-0.3,24,30.689335060362065,30.800171318273676,32.23657250633423,38.25226506457418,45.00688252132109
2011-08-31,1742,20000,611150,30.3,30.7,30.3,30.65,0.15,16,30.67622337357471,30.772867442223916,32.098609679696466,38.0253317790645,44.898528690971496
2011-09-01,1742,539000,15489500,28.7,29.5,28.55,28.9,-1.75,307,30.084148915716472,30.432346089092295,31.82046970754895,37.75293381551034,44.77778507820945
2011-09-02,1742,544000,14681250,26.9,27.5,26.9,27.2,-1.7,279,29.122765943810982,29.844646800166423,31.418689732979473,37.437920865793615,44.6451225493173
2011-09-05,1742,240000,6147800,25.3,25.95,25.3,25.7,-1.5,147,27.981843962540655,29.09107465468162,30.9214123648943,37.08753516830724,44.50214049234132
2011-09-06,1742,365000,8898750,24.6,25.3,24.0,24.6,-1.1,193,26.85456264169377,28.27451562655769,30.371724333164362,36.714772924477174,44.35193565843686
2011-09-07,1742,153000,3822400,24.8,25.5,24.5,25.0,0.4,111,26.236375094462513,27.679149149001745,29.904617869410938,36.365078210313676,44.20588331384488
2011-09-08,1742,140000,3424550,25.0,25.1,24.1,24.5,-0.5,97,25.657583396308343,27.101122031001427,29.43465109815781,36.01089677119983,44.05715966619322
2011-09-09,1742,109000,2660950,24.25,24.7,24.1,24.5,0.0,59,25.27172226420556,26.628190752637533,29.00555100266583,35.66728791235805,43.909558461165346
2011-09-13,1742,66000,1617450,24.5,24.85,24.1,24.7,0.2,40,25.08114817613704,26.277610615794345,28.631155263303583,35.339906183630944,43.76458066145844
2011-09-14,1742,104000,2535950,25.2,25.2,24.0,24.3,-0.4,68,24.820765450758028,25.91804504928628,28.254533066494577,35.0103567453136,43.61767816590026
2011-09-15,1742,124000,3037250,24.35,24.7,24.35,24.45,0.15,32,24.69717696717202,25.651127767597867,27.9237041041907,34.695122215602744,43.473016443893464
2011-09-16,1742,141000,3447000,24.6,24.75,24.25,24.5,0.05,88,24.631451311448014,25.4418318098528,27.625990703826293,34.390790209166845,43.32982386695842
2011-09-19,1742,61000,1476150,24.5,24.5,24.0,24.1,-0.4,49,24.454300874298678,25.197862389879564,27.31938281653705,34.08360244172903,43.184693120792694
2011-09-20,1742,94000,2250800,24.0,24.2,23.7,24.1,0.0,58,24.336200582865786,24.998251046265096,27.039436484664265,33.785584458393835,43.040657701013124
2011-09-21,1742,41000,979750,24.1,24.1,23.7,23.9,-0.2,31,24.19080038857719,24.79856903785326,26.766442007736938,33.49049238500894,42.89619990704321
2011-09-22,1742,74000,1736250,23.9,23.9,23.3,23.4,-0.5,57,23.92720025905146,24.544283758243576,26.47370792010764,33.18928365709823,42.7490587756693
2011-09-23,1742,212000,4695450,21.8,23.4,21.8,23.0,-0.4,105,23.618133506034308,24.26350489310838,26.17164636183741,32.88512593599082,42.600009275475564
2011-09-26,1742,172000,3767900,23.0,23.0,21.5,22.5,-0.5,86,23.245422337356207,23.942867639815947,25.852372765155895,32.57512217670752,42.448311092264426
2011-09-27,1742,127000,2759700,22.5,22.7,21.45,21.45,-1.05,87,22.646948224904136,23.48961897803123,25.46955774209886,32.243028977402815,42.289833272700164
2011-09-28,1742,54000,1159600,21.9,21.9,21.2,21.35,-0.1,39,22.21463214993609,23.100597345661917,25.111335329742438,31.917863933301238,42.13179679517035
2011-09-29,1742,146000,3056450,21.0,21.3,20.75,21.0,-0.35,88,21.80975476662406,22.718670555541568,24.753827909764833,31.591957547232543,41.97231153633888
2011-09-30,1742,108000,2284550,21.0,21.5,20.9,21.2,0.2,66,21.606503177749374,22.442548636352193,24.444799395872238,31.281749859255452,41.81553937380047
2011-10-03,1742,63000,1317450,21.25,21.25,20.55,21.0,-0.2,45,21.404335451832917,22.18026706610634,24.14525162231813,30.97483195300902,41.65844096343216
2011-10-04,1742,75000,1560200,21.0,21.0,20.7,20.7,-0.3,33,21.16955696788861,21.91112759954155,23.84566452472525,30.66812055142666,41.5002640505006
2011-10-05,1742,35000,726000,20.9,21.0,20.55,20.8,0.1,24,21.04637131192574,21.709104399624906,23.58082413127088,30.373549788697506,41.344035642572294
2011-10-06,1742,46000,963300,20.95,21.05,20.9,20.95,0.15,29,21.014247541283826,21.571085417874922,23.352056815508195,30.092249795005042,41.19011839243967
2011-10-07,1742,223000,4950850,21.1,22.4,21.1,22.4,1.45,113,21.47616502752255,21.721797160079483,23.26926926633357,29.86263039813922,41.048306178157105
2011-10-11,1742,270000,6359700,22.8,23.95,22.75,23.5,1.1,196,22.150776685015035,22.04510676733776,23.28933280839152,29.672701132523123,40.915866131529505
2011-10-12,1742,85000,1976400,23.5,23.5,23.0,23.25,-0.25,69,22.51718445667669,22.26417826418544,23.285912564183562,29.48097871065676,40.78253883997079
2011-10-13,1742,76000,1753700,23.3,23.3,23.0,23.05,-0.2,60,22.69478963778446,22.407054943424452,23.2653984281676,29.289009196905813,40.64870835815969
2011-10-14,1742,70000,1606650,23.0,23.1,22.8,22.8,-0.25,52,22.729859758522974,22.478499499165462,23.224928999631288,29.095307429833998,40.51400112526792
2011-10-17,1742,59000,1344600,23.0,23.0,22.7,22.9,0.1,52,22.78657317234865,22.55513595386265,23.196674304011175,28.9103728796897,40.381065267718725
2011-10-18,1742,61000,1397850,22.8,23.1,22.7,22.95,0.05,34,22.841048781565767,22.626929416796713,23.175224364531942,28.7324513011915,40.24951005815104
2011-10-19,1742,50000,1159050,22.95,23.45,22.95,23.2,0.25,23,22.96069918771051,22.73112406828822,23.177378767616123,28.567303501155934,40.12083451054235
2011-10-20,1742,37000,862750,23.3,23.45,23.1,23.2,0.0,29,23.04046612514034,22.81637423769036,23.179345831301678,28.407085486196056,39.99313009914203
2011-10-21,1742,28000,648700,23.6,23.6,23.1,23.1,-0.1,19,23.06031075009356,22.867942558110297,23.172446193797185,28.248665023921546,39.86563477763907
2011-10-24,1742,71000,1643300,23.5,23.5,22.85,23.25,0.15,34,23.123540500062372,22.937407547544787,23.17919000303221,28.099451142610455,39.74023376044934
2011-10-25,1742,30000,701400,23.25,23.5,23.2,23.5,0.25,23,23.249027000041583,23.039697084354824,23.20708652450767,27.962154093577308,39.617665958483684
2011-10-26,1742,29000,679700,23.5,23.5,23.1,23.5,0.0,26,23.332684666694387,23.123388523563037,23.232557261507004,27.828955463918284,39.49602319653286
2011-10-27,1742,173000,4231350,23.55,25.1,23.4,25.05,1.55,105,23.90512311112959,23.47368151927885,23.390595760506397,27.746001569472963,39.386996606370346
2011-10-28,1742,103000,2579350,25.8,25.8,24.5,24.95,-0.1,75,24.253415407419727,23.74210306122815,23.526196129158013,27.66253883605586,39.27803814141661
2011-10-31,1742,50000,1245300,25.0,25.0,24.7,24.7,-0.25,33,24.40227693827982,23.91626614100485,23.62826603097036,27.574104840949715,39.16801521204743
2011-11-01,1742,264000,6078950,23.0,24.0,23.0,23.0,-1.7,159,23.934851292186547,23.749672297185786,23.573634202190327,27.437564397936292,39.04599245573009
2011-11-02,1742,310000,6670350,21.4,22.05,21.4,22.05,-0.95,105,23.306567528124365,23.440640970424734,23.441144271565083,27.276741580087446,38.91772081455476
2011-11-03,1742,69000,1492150,21.5,21.9,21.3,21.7,-0.35,53,22.771045018749575,23.124160793983872,23.289740421863772,27.11027168217439,38.78777575180341
2011-11-04,1742,65000,1447800,21.95,22.5,21.95,22.25,0.55,40,22.59736334583305,22.965222467804985,23.199328211266923,26.965188945393063,38.662962349903005
2011-11-07,1742,36000,799200,22.1,22.4,22.1,22.15,-0.1,22,22.448242230555365,22.81700020093135,23.108082279852407,26.821451961948494,38.53833621896034
2011-11-08,1742,55000,1223350,22.15,22.45,22.15,22.25,0.1,30,22.38216148703691,22.713909255307467,23.033466429430458,26.684990709353016,38.41540537957196
2011-11-09,1742,70000,1543850,22.25,22.25,21.9,21.9,-0.35,43,22.22144099135794,22.565925754342473,22.934904131219113,26.54215516579024,38.290760810669525
2011-11-10,1742,89000,1870850,21.0,21.4,20.8,21.0,-0.9,58,21.81429399423863,22.28121198082566,22.766651598069625,26.37671769815471,38.160264502664475
2011-11-11,1742,46000,959000,21.0,21.2,20.6,21.0,0.0,36,21.54286266282575,22.048264347948265,22.613029719976616,26.216218662388897,38.03075307245569
2011-11-14,1742,53000,1113750,21.2,21.3,20.85,20.9,-0.1,29,21.3285751085505,21.83948901195767,22.464070613891693,26.057525567989227,37.90146437002206
2011-11-15,1742,17000,360900,21.5,21.5,20.9,20.9,0.0,13,21.185716739033666,21.668672827965366,22.328064473553283,25.903569580885073,37.773151431380384
2011-11-16,1742,20000,414550,20.8,20.9,20.7,20.7,-0.2,13,21.023811159355777,21.492550495608025,22.186493649766042,25.748239145634773,37.64429745831336
2011-11-17,1742,138000,2847300,20.7,21.25,19.85,21.0,0.3,89,21.015874106237185,21.402995860042928,22.08332028891682,25.606500663675526,37.51868011900533
2011-11-18,1742,70000,1459200,20.5,21.0,20.5,20.7,-0.3,39,20.910582737491456,21.275178430944212,21.963031568141446,25.460037957297153,37.39174668414491
2011-11-21,1742,67000,1339000,20.4,20.5,19.7,19.85,-0.85,42,20.55705515832764,21.016055079863445,21.779289692650885,25.292574137676343,37.2593561431325
2011-11-22,1742,82000,1564750,19.7,19.8,18.55,18.7,-1.15,56,19.938036772218425,20.59495415625191,21.511525371550807,25.09578087983526,37.1192855307315
2011-11-23,1742,162000,2922300,18.6,18.6,17.6,18.1,-0.6,92,19.325357848145618,20.141326127842472,21.214870991415953,24.886951599840177,36.975743753141074
2011-11-24,1742,83000,1470700,17.7,18.0,17.6,17.75,-0.35,47,18.800238565430412,19.70653955914384,20.91357786172761,24.673908268501666,36.83064380028718
2011-11-25,1742,47000,843950,17.75,18.15,17.75,17.9,0.15,38,18.500159043620275,19.37807782111769,20.651527612881733,24.471702051531466,36.68777101688878
2011-11-28,1742,36000,660900,17.9,18.5,17.9,18.5,0.6,26,18.500106029080182,19.2184273081872,20.46443825523984,24.293442288799184,36.550504820534904
2011-11-29,1742,29000,546650,19.0,19.0,18.5,18.95,0.45,23,18.650070686053454,19.169622343062255,20.332747972175508,24.13393654883503,36.41767082188936
2011-11-30,1742,58000,1094800,18.9,19.2,18.3,18.4,-0.55,39,18.566713790702302,19.029691007960025,20.16468293111677,23.96277426379518,36.28168840059208
2011-12-01,1742,43000,813900,18.8,19.0,18.8,19.0,0.6,29,18.711142527134868,19.024292642876386,20.06340615449792,23.81463174845801,36.15126056360648
2011-12-02,1742,10000,189900,19.2,19.2,18.9,18.9,-0.1,5,18.774095018089913,19.001693980535226,19.96224040193288,23.667926323130903,36.0210623706736
2011-12-05,1742,15000,281600,18.9,18.9,18.7,18.8,-0.1,12,18.782730012059943,18.96502234771064,19.861176019156108,23.522615089604606,35.89109208863078
2011-12-06,1742,65000,1226900,19.0,19.0,18.7,18.7,-0.1,28,18.755153341373294,18.916836466308705,19.760204191403403,23.378656430213425,35.76134799739583
2011-12-07,1742,32000,594800,18.7,18.7,18.4,18.4,-0.3,29,18.636768894248863,18.82286619970712,19.64192556606398,23.230039820356307,35.63031895590605
2011-12-08,1742,48000,859100,18.4,18.4,17.7,17.9,-0.5,29,18.391179262832576,18.65507234521492,19.490453777710588,23.070934154077015,35.49650522793694
2011-12-09,1742,23000,413800,17.9,18.4,17.7,17.8,-0.1,16,18.19411950855505,18.499604646084933,19.343457797040102,22.913592836044867,35.36294669791478
2011-12-12,1742,42000,749550,17.85,18.0,17.8,17.85,0.05,25,18.07941300570337,18.381494710433127,19.213591901645312,22.762440811088304,35.23077351528901
2011-12-13,1742,41000,722750,17.85,17.85,17.5,17.8,-0.05,30,17.98627533713558,18.275768399445287,19.090670866719634,22.61430824956328,35.09922050762645
2011-12-14,1742,10000,178600,18.0,18.0,17.7,17.9,0.1,8,17.95751689142372,18.207446872273415,18.98713426961358,22.473582630173333,34.96941506983304
2011-12-15,1742,38000,668800,17.75,17.85,17.5,17.7,-0.2,24,17.871677927615814,18.11518380458734,18.875209550516747,22.331087626287562,34.839079861758826
2011-12-16,1742,55000,952100,17.7,17.7,17.05,17.2,-0.5,35,17.64778528507721,17.948786749207823,18.729539154819637,22.17792083147301,34.70595473072668
2011-12-19,1742,199000,3213150,17.2,17.2,16.0,16.0,-1.2,94,17.098523523384806,17.594461885715493,18.492187923965755,21.99350528426486,34.56477771389101
2011-12-20,1742,447000,6780100,15.5,15.7,14.9,15.05,-0.95,192,16.415682348923205,17.13183245194904,18.192867234925256,21.786236469809193,34.4174963726541
2011-12-21,1742,303000,4644350,15.3,15.55,15.0,15.15,0.1,114,15.99378823261547,16.7714992788674,17.92827008406219,21.588139858770113,34.27208130569067
2011-12-22,1742,437000,6233250,15.1,15.1,14.1,14.1,-1.05,241,15.362525488410313,16.285772137255144,17.595377033274175,21.36461329582175,34.11983918262885
2011-12-23,1742,431000,6324450,14.15,15.05,14.15,15.05,0.95,210,15.258350325606875,16.061086294117846,17.374039899945988,21.17611737654349,33.975915868042975
2011-12-26,1742,302000,4837700,15.85,16.1,15.45,16.1,1.05,151,15.53890021707125,16.068161513369148,17.263253821689815,21.024591484706374,33.84100329545397
2011-12-27,1742,437000,7072100,16.5,16.5,15.75,15.75,-0.35,227,15.609266811380833,16.01031396548385,17.131666532847223,20.867140992625586,33.70446742152602
2011-12-28,1742,371000,6185950,15.8,16.85,15.8,16.85,1.1,204,16.022844540920556,16.162984153577696,17.107173790860507,20.7472263361293,33.57726389381639
2011-12-29,1742,442000,7800850,16.9,18.0,16.9,18.0,1.15,237,16.681896360613703,16.496987034745388,17.184810852524812,20.665219579826935,33.459699638014
2011-12-30,1742,488000,9366750,19.1,19.25,18.6,19.25,1.25,211,17.5379309070758,16.997534846609863,17.364392517522656,20.622974219235086,33.35245662187805
2012-01-02,1742,469000,8675100,19.25,19.25,17.95,17.95,-1.3,218,17.675287271383866,17.170710329044432,17.415314907303294,20.543183944034038,33.23621166624123
2012-01-03,1742,396000,6916200,17.0,17.95,17.0,17.2,-0.75,251,17.516858180922576,17.176035723763626,17.396591871885615,20.44338740839123,33.115183653665824
2012-01-04,1742,180000,3292100,17.95,18.4,17.8,18.4,1.2,113,17.811238787281717,17.398574683079328,17.483844752591214,20.382390769334776,33.004125663826834
2012-01-05,1742,1033000,20006350,18.85,19.65,18.5,19.25,0.85,466,18.290825858187812,17.735197467973997,17.637423469757195,20.348588059802395,32.90032094183569
2012-01-06,1742,276000,5198800,19.0,19.0,18.65,18.75,-0.5,162,18.44388390545854,17.91970701925145,17.7341692549957,20.30086901324113,32.79352606680297
2012-01-09,1742,410000,7565750,18.85,18.9,17.85,17.95,-0.8,134,18.279255936972362,17.925214833933005,17.752937145865637,20.23069381881602,32.68149945497804
2012-01-10,1742,143000,2579450,18.0,18.5,17.75,17.9,-0.05,90,18.152837291314906,17.92063031867246,17.76572522013819,20.16112086900062,32.56994096852537
2012-01-11,1742,144000,2588950,17.85,18.2,17.85,18.0,0.1,72,18.10189152754327,17.93506116982292,17.786096940126175,20.096609798284184,32.45997914989499
2012-01-12,1742,120000,2143150,18.1,18.3,17.6,17.7,-0.3,65,17.967927685028847,17.892322775309662,17.77861024968042,20.025069207290628,32.34858308083918
2012-01-13,1742,231000,3994000,17.7,17.9,17.0,17.4,-0.3,143,17.778618456685898,17.802809543435178,17.745687619273426,19.946708932446132,32.235763585889444
2012-01-16,1742,86000,1495500,17.4,17.85,17.2,17.35,-0.05,53,17.6357456377906,17.720480535537874,17.71128000020617,19.869195232970128,32.123418200335564
2012-01-17,1742,253000,4644200,17.75,18.55,17.5,18.5,1.15,167,17.92383042519373,17.86221134725826,17.77986434801433,19.82832373347848,32.020599949766996
2012-01-18,1742,219000,3931000,18.5,18.5,17.7,17.75,-0.75,123,17.865886950129156,17.841809284120394,17.777267448186997,19.766284219046288,31.91289730863668
2012-01-30,1742,215000,3822800,18.2,18.2,17.5,17.6,-0.15,97,17.77725796675277,17.79784395973487,17.761852887475083,19.701619018477743,31.8048754421564
2012-01-31,1742,300000,5415100,17.6,18.7,17.6,18.6,1.0,165,18.051505311168516,17.943690512510347,17.834735245085945,19.668734868672438,31.705216004857107
2012-02-01,1742,397000,7689750,19.05,19.9,18.3,19.9,1.3,248,18.667670207445678,18.299383146599375,18.01432348464369,19.675638305428485,31.61612003500913
2012-02-02,1742,389000,8022150,21.2,21.2,20.15,20.2,0.3,234,19.178446804963784,18.64494984721767,18.204382312065977,19.691290893326144,31.529960638518492
2012-02-03,1742,277000,5543600,20.2,20.5,19.8,20.1,-0.1,144,19.48563120330919,18.909504420450823,18.369218632755892,19.703491165167154,31.44369678464288
2012-02-04,1742,361000,7560600,20.5,21.4,20.4,21.2,1.1,211,20.057087468872794,19.325958162187035,18.61537353425538,19.74816307068455,31.3663858655135
2012-02-06,1742,147000,3072100,21.2,21.2,20.4,20.8,-0.4,103,20.30472497924853,19.59396576906212,18.80534105301578,19.77956118797755,31.28663955709453
2012-02-07,1742,147000,3010550,20.75,21.1,20.15,20.15,-0.65,102,20.253149986165685,19.695062901959915,18.92226791797093,19.790619062963295,31.202589447229666
2012-02-08,1742,321000,6729450,20.45,21.4,20.3,20.7,0.55,163,20.402099990777124,19.8777787379672,19.07685331640824,19.81776476257633,31.123324621212838
2012-02-09,1742,517000,11318850,21.0,22.1,21.0,22.1,1.4,191,20.968066660518083,20.28181896742771,19.339735636720565,19.885891187574053,31.055224058033872
2012-02-10,1742,723000,16081350,22.5,22.8,21.8,22.05,-0.05,374,21.328711107012055,20.6033064278954,19.575410798744866,19.950491450631546,30.9872601028789
2012-02-13,1742,275000,6007450,21.8,22.3,21.1,22.1,0.05,157,21.585807404674703,20.87543253191442,19.794940294506183,20.014655884941053,30.920186441725097
2012-02-14,1742,261000,5728850,22.4,22.45,21.5,21.5,-0.6,153,21.557204936449804,20.988990253384525,19.943206355853473,20.05899451524132,30.849090694995095
2012-02-15,1742,219000,4814250,21.5,22.4,21.5,21.95,0.45,117,21.68813662429987,21.163719298223704,20.11771015099665,20.11544244015949,30.781927746353624
2012-02-16,1742,336000,7272000,21.6,22.1,21.3,21.3,-0.65,154,21.558757749533246,21.188497607637576,20.220517963953462,20.15080236731891,30.71036602751322
2012-02-17,1742,338000,7069900,21.45,21.9,20.1,20.75,-0.55,172,21.289171833022163,21.10877076988529,20.26655988013142,20.168688863816854,30.635193453720667
2012-02-20,1742,150000,3136500,20.75,21.35,20.3,21.25,0.5,109,21.27611455534811,21.13444881172433,20.352076412293908,20.20096680818053,30.56436180501334
2012-02-21,1742,113000,2418250,21.25,21.8,21.15,21.25,0.0,77,21.267409703565406,21.15545811868354,20.43015672426835,20.232281231816934,30.494064734786825
2012-02-22,1742,194000,4206150,21.9,21.9,21.45,21.7,0.45,120,21.411606469043605,21.25446573346835,20.540577878679798,20.276093732359712,30.427694434901642
2012-02-23,1742,286000,6348050,21.9,22.5,21.8,22.1,0.4,183,21.641070979362404,21.408199236474104,20.67617980227286,20.330538695572855,30.36484391086465
2012-02-24,1742,362000,8104650,22.1,22.7,22.1,22.25,0.15,194,21.844047319574937,21.56125392075154,20.81303373251,20.387836047943814,30.303599805876992
2012-02-29,1742,251000,5636150,22.5,22.7,22.25,22.4,0.15,136,22.029364879716624,21.713753207887624,20.95103079924826,20.447900643527582,30.243949996021318
2012-03-01,1742,192000,4241750,22.4,22.4,21.75,21.8,-0.6,119,21.952909919811084,21.729434442817148,21.024854208009284,20.488261818347656,30.180222071523044
2012-03-02,1742,157000,3434800,21.8,22.2,21.6,21.75,-0.05,83,21.885273279874056,21.733173635032212,21.087910363834563,20.525925644665637,30.116597754002115
2012-03-03,1742,90000,1940800,21.75,21.75,21.5,21.65,-0.1,56,21.80684885324937,21.718051155935445,21.136787723501122,20.559480103033827,30.052698903028514
2012-03-05,1742,181000,3768600,21.65,21.75,20.4,20.7,-0.95,124,21.43789923549958,21.532950945765364,21.098806182327113,20.563674726823862,29.982112496213205
2012-03-06,1742,216000,4350800,20.6,20.7,19.75,20.0,-0.7,131,20.958599490333054,21.254232591989844,21.003257818646496,20.54684861557539,29.906775798128578
2012-03-07,1742,157000,3150200,19.75,20.45,19.75,20.3,0.3,92,20.739066326888704,21.0807357570826,20.942104964851147,20.53948000018508,29.834271829840816
2012-03-08,1742,66000,1342750,20.3,20.55,20.2,20.3,0.0,44,20.59271088459247,20.9387838012494,20.886269750516266,20.532331343463138,29.762315061313714
2012-03-09,1742,73000,1478900,20.35,20.45,20.05,20.3,0.0,49,20.495140589728315,20.822641291931326,20.835289772210505,20.525396079479165,29.690901362737762
2012-03-12,1742,63000,1261250,20.35,20.35,19.85,19.9,-0.4,40,20.29676039315221,20.654888329761995,20.753960226800896,20.50672753979322,29.61700776754729
2012-03-13,1742,80000,1597150,19.75,20.1,19.75,20.05,0.15,46,20.214506928768138,20.544908633441633,20.6927462940356,20.493093881888946,29.544803935339385
2012-03-14,1742,66000,1334250,20.1,20.45,20.1,20.45,0.4,46,20.29300461917876,20.527652518270425,20.6716379206412,20.491807497354948,29.47616390563871
2012-03-15,1742,23000,468300,20.5,20.5,20.2,20.4,-0.05,19,20.32866974611917,20.504442969493983,20.648017231889792,20.489066975045844,29.407664555407475
2012-03-16,1742,62000,1254600,20.3,20.35,20.05,20.05,-0.35,40,20.235779830746115,20.42181697504053,20.596015733464593,20.475960498178804,29.33704067197044
2012-03-19,1742,99000,1976000,19.95,20.05,19.85,19.95,-0.1,53,20.140519887164075,20.336032070487708,20.53984045229376,20.460260184800333,29.266195081993303
2012-03-20,1742,51000,1010150,19.3,20.1,19.3,19.85,-0.1,41,20.04367992477605,20.247662603126308,20.479854326007345,20.442043462865996,29.195129458732975
2012-03-21,1742,81000,1591550,19.9,19.9,19.5,19.55,-0.3,55,19.8791199498507,20.120814857103344,20.39899742809366,20.41541529979537,29.122336028855745
2012-03-22,1742,211000,3991950,19.4,19.55,18.6,18.95,-0.6,146,19.569413299900468,19.9079394285391,20.27299765173769,20.37167155950297,29.045563681468156
2012-03-23,1742,95000,1771550,18.7,18.95,18.5,18.65,-0.3,67,19.262942199933644,19.679223168804718,20.131867421151803,20.320278378622284,28.967106597079717
2012-03-26,1742,174000,3173550,18.65,18.65,18.0,18.2,-0.45,108,18.908628133289096,19.410273501749316,19.963878949747297,20.25698648672311,28.885845415214963
2012-03-27,1742,189000,3364700,18.2,18.2,17.65,17.7,-0.5,102,18.505752088859396,19.09931468324944,19.767019910638837,20.180658531895556,28.801423940383152
2012-03-28,1742,323000,5780100,17.7,18.4,17.65,18.15,0.45,154,18.387168059239595,18.926712013567723,19.626409483626762,20.120041859301658,28.721035835172714
2012-03-29,1742,625000,11761450,18.75,19.4,18.1,18.2,0.05,323,18.32477870615973,18.794582556555408,19.50237387635487,20.062727176934445,28.641631791133673
2012-03-30,1742,119000,2135750,17.9,18.2,17.65,18.15,-0.05,77,18.26651913743982,18.677385728090787,19.384776147976186,20.00563084329461,28.562449664408135
2012-04-02,1742,128000,2269950,18.0,18.0,17.55,17.75,-0.4,72,18.094346091626544,18.50877014116519,19.242621700326083,19.938298579315667,28.480846270714487
2012-04-03,1742,214000,3799400,17.75,17.9,17.7,17.8,0.05,80,17.99623072775103,18.379902842771518,19.117176335080337,19.874468770977884,28.400236110180792
2012-04-05,1742,208000,3542800,17.6,17.6,16.7,16.8,-1.0,102,17.59748715183402,18.092647780449425,18.915682740725526,19.782693583784514,28.312687158405843
2012-04-06,1742,59000,1029400,16.8,17.8,16.8,17.75,0.95,40,17.648324767889346,18.030348184004076,18.814319024140698,19.722016163373038,28.232968764757498
2012-04-09,1742,76000,1336450,17.8,17.8,17.3,17.6,-0.15,39,17.63221651192623,17.9521030596397,18.708726065519766,19.6586723973022,28.1527199438914
2012-04-10,1742,25000,449000,17.8,18.1,17.75,18.0,0.4,24,17.75481100795082,17.960811594250664,18.64709771199631,19.609159788427508,28.076095642428072
2012-04-11,1742,22000,391950,17.9,17.9,17.55,17.8,-0.2,19,17.769874005300547,17.931573122568725,18.573437041387933,19.5551550186237,27.998540203617296
2012-04-12,1742,35000,628000,18.0,18.05,17.8,18.05,0.25,15,17.86324933686703,17.953105282101685,18.527920776919416,19.510225018067768,27.923456881325844
2012-04-13,1742,62000,1113050,18.2,18.2,17.65,18.0,-0.05,38,17.90883289124469,17.961631594446832,18.482014622404684,19.46514367424485,27.848562867127157
2012-04-16,1742,31000,556350,17.9,18.0,17.7,18.0,0.0,16,17.939221927496458,17.968607668183772,18.440100307412973,19.421408042177838,27.77423409077148
2012-04-17,1742,67000,1168450,18.0,18.0,17.15,17.95,-0.05,40,17.94281461833097,17.96522445578672,18.397482889377063,19.377485414053126,27.70008892782226
2012-04-18,1742,33000,575700,17.3,17.7,17.3,17.4,-0.55,28,17.761876412220648,17.86245637291641,18.310745246822535,19.318455998708256,27.622352407612283
2012-04-19,1742,14000,242700,17.8,17.8,17.2,17.3,-0.1,9,17.607917608147098,17.760191577840697,18.22285435579449,19.25820358083637,27.544447861139737
2012-04-20,1742,67000,1127050,17.1,17.2,16.5,16.85,-0.45,54,17.3552784054314,17.59470220005148,18.103475716160187,19.186316906781553,27.4637350470934
2012-04-23,1742,104000,1716250,16.9,16.95,16.3,16.95,0.1,70,17.220185603620934,17.47748361822394,18.003173479972343,19.11956117822091,27.384386103341754
2012-04-24,1742,28000,464500,16.4,16.7,16.4,16.6,-0.35,16,17.013457069080623,17.317941142183223,17.881158394757357,19.04435039678148,27.302994510108984
2012-04-25,1742,84000,1420950,17.0,17.4,16.7,16.7,0.1,48,16.908971379387083,17.20558820724082,17.77844896912628,18.97436978792233,27.22297191003269
2012-04-26,1742,46000,769100,16.8,16.95,16.35,16.35,-0.35,30,16.722647586258056,17.050026715015214,17.654236015289214,18.896030391267935,27.140911744673954
2012-04-27,1742,65000,1065250,16.35,16.6,16.3,16.5,0.15,34,16.64843172417204,16.95002185773972,17.55386766613363,18.824507096006204,27.06060297678962
2012-04-30,1742,96000,1517450,16.5,16.5,15.5,15.95,-0.55,65,16.415621149448025,16.768199701787044,17.414400912556793,18.73870091403587,26.976749369417625
2012-05-02,1742,174000,2823300,15.95,16.7,15.7,16.5,0.55,71,16.44374743296535,16.719436119643944,17.33488778972577,18.671874021079574,26.897679562855984
2012-05-03,1742,21000,339400,16.5,16.5,16.05,16.1,-0.4,15,16.329164955310233,16.606811370617773,17.227506242793094,18.59510166224138,26.816187641626883
2012-05-04,1742,53000,863300,16.1,16.4,16.1,16.25,0.15,30,16.30277663687349,16.541936575959998,17.14250569994152,18.525098627547607,26.736442829237244
2012-05-07,1742,92000,1474000,16.2,16.25,15.65,16.2,-0.05,54,16.26851775791566,16.479766289421818,17.0605486825553,18.45569269836708,26.656922505997716
2012-05-08,1742,30000,481600,16.2,16.2,16.0,16.15,-0.05,16,16.22901183861044,16.419808782254215,16.981370536246143,18.386866050654632,26.577624977650565
2012-05-09,1742,88000,1408650,15.7,16.3,15.7,16.1,-0.05,46,16.18600789240696,16.361661730935268,16.904729620050826,18.318601392426135,26.4985485627249
2012-05-10,1742,173000,2833250,16.1,16.5,16.1,16.45,0.35,71,16.27400526160464,16.377723234401582,16.86518791395945,18.262822246383564,26.422710460364712
2012-05-11,1742,238000,4001150,16.45,17.3,16.45,16.75,0.3,107,16.432670174403093,16.44540991905584,16.85517157361515,18.21766337335719,26.3497088719846
2012-05-14,1742,57000,967300,17.2,17.2,16.8,16.9,0.15,25,16.588446782935396,16.528062661045688,16.859069697648614,18.178330138331603,26.27839031446019
2012-05-15,1742,80000,1336350,16.8,16.9,16.1,16.8,-0.1,39,16.658964521956932,16.577505813582835,16.85393320220091,18.137185955097824,26.20685529321898
2012-05-16,1742,60000,987700,16.6,16.65,16.25,16.6,-0.2,35,16.63930968130462,16.581595665658682,16.83185205418344,18.091299807184456,26.134350724968268
2012-05-17,1742,20000,330900,16.6,16.6,16.25,16.5,-0.1,13,16.592873120869747,16.566760090084376,16.80299535381966,18.04379832040283,26.061638644025113
2012-05-18,1742,83000,1342150,16.35,16.5,15.8,16.3,-0.2,46,16.4952487472465,16.51825825552358,16.75925662740056,17.991744639196774,25.987965899541905
2012-05-21,1742,22000,356250,16.05,16.4,16.05,16.1,-0.2,13,16.363499164831,16.442211299973838,16.701929964148338,17.93527464996702,25.913339741809512
2012-05-22,1742,37000,617500,16.15,16.9,16.15,16.7,0.6,22,16.475666109887335,16.48908197270587,16.701762141178918,17.89840077981875,25.843805102248684
2012-05-23,1742,7000,115550,16.7,16.7,16.25,16.45,-0.25,6,16.46711073992489,16.48197615948662,16.679869781076402,17.855164935645057,25.77290845996756
2012-05-24,1742,61000,977450,16.2,16.25,15.9,16.25,-0.2,35,16.394740493283262,16.4397986759436,16.642489800113236,17.80724956443177,25.70103745272252
2012-05-25,1742,35000,555050,15.85,16.0,15.75,15.8,-0.45,25,16.196493662188843,16.323471643953855,16.569229817494694,17.747331666986046,25.626312641758577
2012-05-28,1742,17000,267950,15.8,15.8,15.7,15.75,-0.05,12,16.047662441459227,16.21920407232588,16.497992442060372,17.68770982618049,25.55177443314153
2012-05-29,1742,71000,1132600,15.75,16.1,15.75,16.0,0.25,29,16.031774960972818,16.179348786448447,16.454688751446426,17.637330428384058,25.47968556949518
2012-05-30,1742,12000,189200,15.9,15.9,15.7,15.7,-0.3,11,15.921183307315212,16.09219446163964,16.389063642624997,17.579499669327816,25.40587662180088
2012-05-31,1742,10000,156750,15.6,15.8,15.6,15.8,0.1,8,15.880788871543475,16.039068195886976,16.337840717179343,17.526380276213555,25.33337943974955
2012-06-01,1742,38000,591750,15.8,15.8,15.5,15.5,-0.3,21,15.75385924769565,15.9410557966348,16.26498500264201,17.465891312744493,25.25916525529861
2012-06-04,1742,185000,2700750,15.05,15.05,14.45,14.45,-1.05,89,15.319239498463766,15.669954742701199,16.107160219803575,17.375864706393912,25.17758664959824
2012-06-05,1742,48000,690050,14.0,14.85,14.0,14.4,-0.05,34,15.012826332309178,15.43905388039189,15.958711505038046,17.287032924113497,25.0962463729975
2012-06-06,1742,51000,740000,14.4,14.65,14.4,14.65,0.25,23,14.891884221539453,15.295589538502457,15.844910504599955,17.20831552339369,25.017406777729594
2012-06-07,1742,58000,859600,14.65,15.0,14.65,14.95,0.3,43,14.911256147692969,15.232755076956556,15.767092199852133,17.140903119710295,24.94142634921843
2012-06-08,1742,19000,278700,15.0,15.0,14.6,14.6,-0.35,16,14.80750409846198,15.117708699328091,15.665605921604122,17.065055265390583,24.86337784846961
2012-06-11,1742,29000,424700,14.6,14.7,14.6,14.7,0.1,17,14.771669398974653,15.04176166308662,15.58164018929072,16.99445660075206,24.786673109990595
2012-06-12,1742,32000,462450,14.3,14.9,14.3,14.9,0.2,12,14.814446265983102,15.015986815252688,15.522367129352396,16.931935508192296,24.71205670916048
2012-06-13,1742,7000,102100,14.8,14.8,14.5,14.55,-0.35,7,14.726297510655401,14.931261939752199,15.437813465930448,16.860832955708943,24.635361941544172
2012-06-14,1742,21000,306650,14.3,14.75,14.3,14.7,0.15,21,14.717531673770267,14.889214314342707,15.373655773240843,16.796330479419122,24.560378077834404
2012-06-15,1742,40000,588400,14.7,14.9,14.6,14.7,0.0,31,14.711687782513511,14.854811711734943,15.315077010350334,16.733753450182732,24.485960130077164
2012-06-18,1742,333000,4961950,14.75,15.7,14.0,15.7,1.0,133,15.04112518834234,15.008482309601316,15.348548574667696,16.70289513823698,24.41965099701998
2012-06-19,1742,74000,1162700,15.9,15.9,15.4,15.4,-0.3,49,15.16075012556156,15.079667344219258,15.353022611653113,16.6640027460508,24.35157815930662
2012-06-20,1742,55000,870950,15.7,16.05,15.7,15.8,0.4,37,15.37383341704104,15.210636917997576,15.391890210639799,16.638211619303018,24.28703794678355
2012-06-21,1742,44000,684400,15.8,15.8,15.5,15.75,-0.05,25,15.499222278027359,15.308702932907108,15.423030192323294,16.61169783962233,24.222607471713484
2012-06-22,1742,16000,248450,15.55,15.7,15.4,15.55,-0.2,13,15.516148185351573,15.352575126923998,15.434071045164746,16.58000536679778,24.157153830417535
2012-06-25,1742,34000,525950,15.55,15.55,15.35,15.55,0.0,27,15.527432123567715,15.388470558392362,15.444151823846072,16.549258937938145,24.092194178867214
2012-06-26,1742,27000,419150,15.45,15.9,15.4,15.65,0.1,25,15.568288082378476,15.436021365957387,15.462051665250762,16.52241538755193,24.02847950581916
2012-06-27,1742,33000,509650,15.35,15.8,15.35,15.5,-0.15,24,15.545525388252317,15.447653844874226,15.465351520446347,16.49189552523695,23.964113622756372
2012-06-28,1742,41000,631950,15.5,15.5,15.35,15.5,0.0,30,15.530350258834877,15.457171327624367,15.468364431711882,16.462286703588084,23.900233519943118
2012-06-29,1742,139000,2158700,15.4,15.65,15.4,15.65,0.15,26,15.570233505889918,15.49223108623812,15.484158828954326,16.438039339301874,23.837967606585057
2012-07-02,1742,148000,2415500,15.75,16.65,15.65,16.3,0.65,79,15.813489003926612,15.639098161467553,15.555101539480038,16.43391876200928,23.781077285025923
2012-07-03,1742,81000,1329450,16.55,16.6,16.2,16.6,0.3,43,16.075659335951077,15.81380758665527,15.645962275177427,16.438876410904527,23.726880475327615
2012-07-04,1742,37000,614750,16.6,16.8,16.45,16.65,0.05,29,16.267106223967385,15.965842570899767,15.733269903422867,16.445178607593945,23.673470056645897
2012-07-05,1742,115000,1895500,16.65,16.65,16.3,16.3,-0.35,44,16.278070815978257,16.02659846709981,15.782550781386096,16.44084491781502,23.6178212260297
2012-07-06,1742,28000,451900,16.25,16.3,16.1,16.2,-0.1,19,16.252047210652172,16.058126018536207,15.81885071343948,16.433655517283228,23.561837669606835
2012-07-09,1742,36000,572450,16.0,16.0,15.7,15.75,-0.45,20,16.08469814043478,16.00210310607508,15.812863694879525,16.41324788990164,23.50288040417584
2012-07-10,1742,55000,850800,15.5,15.6,15.4,15.6,-0.15,24,15.923132093623188,15.928993450425065,15.794353808368262,16.388971833486668,23.443236023766968
2012-07-11,1742,39000,608350,15.6,15.7,15.45,15.5,-0.1,23,15.78208806241546,15.850994641256872,15.76875782503189,16.362435360845275,23.383287072644197
2012-07-12,1742,18000,278850,15.5,15.6,15.4,15.5,0.0,17,15.688058708276973,15.787177433755621,15.745387579376944,16.336691021715566,23.323790566435562
2012-07-13,1742,8000,123700,15.5,15.5,15.4,15.4,-0.1,6,15.592039138851316,15.716781536709146,15.715353876822427,16.308730095694205,23.263988373481332
2012-07-16,1742,46000,689650,15.4,15.4,14.8,14.9,-0.5,36,15.361359425900877,15.56827580276203,15.644453539707433,16.266678451046616,23.200863932926758
2012-07-17,1742,83000,1221800,14.9,14.9,14.3,14.9,0.0,44,15.207572950600586,15.44677111135075,15.579718449298092,16.225882079373584,23.13821590324429
2012-07-18,1742,24000,354050,14.55,14.9,14.45,14.9,0.0,19,15.105048633733723,15.34735818201425,15.520612497185214,16.186303509840045,23.076040688880184
2012-07-19,1742,46000,683850,14.8,15.0,14.6,14.9,0.0,24,15.036699089155816,15.266020330738932,15.466646193082152,16.147906390143326,23.014334721416937
2012-07-20,1742,11000,163100,14.7,15.2,14.7,14.8,-0.1,11,14.957799392770545,15.181289361513672,15.408676958901095,16.107670378497257,22.952339742387373
2012-07-23,1742,7000,103500,14.8,14.85,14.65,14.65,-0.15,6,14.855199595180363,15.084691295783914,15.342705049431435,16.0641578298854,22.8896805745203
2012-07-24,1742,23000,335050,14.7,14.8,14.35,14.8,0.15,17,14.836799730120243,15.032929242005022,15.295513306002615,16.026421775261955,22.82862638150505
2012-07-25,1742,24000,350050,14.5,14.75,14.5,14.7,-0.1,18,14.79119982008016,14.972396652549563,15.243729540263256,15.98682709540339,22.767278257871048
2012-07-26,1742,19000,276350,14.7,14.75,14.5,14.75,0.05,7,14.777466546720108,14.93196089754055,15.200796536762104,15.949906883600304,22.706770497434285
2012-07-27,1742,31000,459150,14.8,14.85,14.75,14.85,0.1,19,14.801644364480072,14.917058916169541,15.170292490087139,15.917073842298803,22.647474116321572
2012-07-30,1742,35000,512500,14.85,14.85,14.6,14.6,-0.25,20,14.734429576320048,14.859411840502352,15.120701838775213,15.877758205215256,22.586738462613486
2012-07-31,1742,79000,1153600,14.6,14.75,14.55,14.6,0.0,24,14.689619717546698,14.812246051320106,15.075423418012152,15.839616169238681,22.526461191197534
2012-08-01,1742,46000,671950,14.7,14.7,14.55,14.6,0.0,19,14.659746478364465,14.773655860170996,15.034082251228487,15.802612701500212,22.46663884258472
2012-08-03,1742,55000,809100,14.7,14.75,14.7,14.7,0.1,25,14.673164318909643,14.760263885594451,15.005031620686879,15.769698889515132,22.408022700376534
2012-08-06,1742,50000,731400,14.8,14.85,14.55,14.55,-0.15,26,14.632109545939763,14.722034088213642,14.965463653670628,15.733289967440053,22.34871686867558
2012-08-07,1742,140000,1996800,14.6,14.6,14.05,14.1,-0.45,64,14.454739697293174,14.608936981265707,14.890205944655792,15.684535043038856,22.28646240174218
2012-08-08,1742,122000,1742050,14.15,14.5,14.15,14.4,0.3,37,14.436493131528783,14.570948439217396,14.847579340772679,15.646190713395905,22.226941930785635
2012-08-09,1742,114000,1642400,14.4,14.6,14.35,14.5,0.1,53,14.457662087685856,14.558048722996052,14.817355050270708,15.611976065234833,22.16862538791178
2012-08-10,1742,56000,806400,14.4,14.6,14.25,14.5,0.0,30,14.471774725123904,14.547494409724042,14.78975895894282,15.578782749854689,22.110748969889805
2012-08-13,1742,32000,463050,14.4,14.5,14.3,14.5,0.0,21,14.481183150082602,14.538859062501489,14.7645625277304,15.546580279709772,22.053309355022712
2012-08-14,1742,147000,2183900,14.5,15.4,14.5,15.0,0.5,73,14.654122100055067,14.6227028693194,14.785035351406018,15.530264450464704,22.00007683158858
2012-08-15,1742,48000,713300,15.0,15.0,14.7,14.75,-0.25,29,14.686081400036711,14.645847802170419,14.781988799109842,15.506972974331429,21.945359270595457
2012-08-16,1742,65000,950800,14.7,14.8,14.5,14.5,-0.25,33,14.624054266691141,14.619330019957616,14.757468033969856,15.476914079575266,21.88916787987398
2012-08-17,1742,34000,499550,14.6,14.75,14.6,14.65,0.15,16,14.632702844460761,14.624906379965323,14.748122987537695,15.452230077199886,21.834532650591914
2012-08-20,1742,92000,1340900,14.7,14.75,14.3,14.5,-0.15,32,14.58846856297384,14.602196129062536,14.726547075577896,15.423805298776008,21.779177687191222
2012-08-21,1742,7000,102050,14.6,14.7,14.5,14.7,0.2,6,14.625645708649227,14.619978651051166,14.724238634223296,15.402199170454336,21.725749931061475
2012-08-22,1742,71000,1041550,14.7,14.9,14.5,14.8,0.1,38,14.683763805766151,14.6527098054055,14.730826579073444,15.384223075813908,21.67348012026101
2012-08-23,1742,18000,265350,14.8,14.8,14.55,14.8,0.0,10,14.722509203844101,14.679489840786319,14.736841659154013,15.366783581013493,21.621604798598664
2012-08-24,1742,35000,512450,14.55,14.8,14.55,14.65,-0.15,23,14.698339469229401,14.674128051552444,14.729290210531925,15.34538705620712,21.568988913326223
2012-08-27,1742,23000,336050,14.65,14.7,14.55,14.6,-0.05,14,14.665559646152934,14.660650223997454,14.718047583529149,15.32313669632034,21.516392770584137
2012-08-28,1742,66000,951950,14.6,14.7,14.3,14.3,-0.3,42,14.543706430768623,14.595077455997917,14.681695619744005,15.29259530240033,21.46192942891935
2012-08-29,1742,71000,1008600,14.1,14.3,14.1,14.25,-0.05,38,14.445804287179081,14.532336100361931,14.644156870201048,15.261473054567483,21.407499772852034
2012-08-30,1742,26000,370850,14.1,14.4,14.1,14.25,0.0,17,14.380536191452721,14.481002263932488,14.609882359748783,15.231279829058007,21.35348090664183
2012-08-31,1742,20000,284900,14.3,14.3,14.15,14.15,-0.1,11,14.303690794301815,14.420820034126582,14.569892589335845,15.19900281923538,21.299115013006798
2012-09-03,1742,33000,467100,14.1,14.35,14.1,14.1,-0.05,24,14.235793862867876,14.362489118830839,14.529032364176206,15.166196764929847,21.244782069512407
2012-09-04,1742,48000,679650,14.25,14.25,14.1,14.15,0.05,19,14.207195908578583,14.323854733588869,14.496073028160884,15.135862533140896,21.191236544459482
2012-09-05,1742,25000,356000,14.2,14.3,14.2,14.25,0.1,15,14.22146393905239,14.310426600209075,14.474675373538199,15.109418875435198,21.1388498535579
2012-09-06,1742,63000,897350,14.25,14.3,14.2,14.2,-0.05,24,14.214309292701593,14.290349036534698,14.45079055844792,15.082272043332654,21.08648117541784
2012-09-07,1742,911000,13538150,14.2,15.15,14.1,15.15,0.95,226,14.526206195134396,14.446649211710207,14.51159137945245,15.084293773382425,21.041677543905255
2012-09-10,1742,546000,8656800,15.15,16.2,15.15,16.0,0.85,304,15.017470796756264,14.729076627762897,14.641018216021802,15.111628287609816,21.00362714734748
2012-09-11,1742,210000,3252550,16.0,16.0,15.15,15.15,-0.85,137,15.061647197837509,14.805608149987824,14.685277501585123,15.11277371186027,20.959448829254292
2012-09-12,1742,134000,2048050,15.5,15.5,15.15,15.3,0.15,89,15.141098131891672,14.895497577262766,14.738731631882068,15.118362556282351,20.91673600790143
2012-09-13,1742,157000,2466500,15.45,15.9,15.4,15.65,0.35,97,15.310732087927782,15.032679835942263,14.817972359544497,15.134232330721684,20.8769870568984
2012-09-14,1742,137000,2157250,15.85,15.9,15.5,15.8,0.15,77,15.473821391951855,15.17219259304367,14.903366067410193,15.154105992491186,20.83867017345011
2012-09-17,1742,90000,1414600,15.85,15.85,15.55,15.8,0.0,41,15.58254759463457,15.286339394308458,14.98133423546148,15.173386410625778,20.800642474027846
2012-09-18,1742,79000,1229700,15.8,15.8,15.5,15.6,-0.2,45,15.588365063089714,15.343368595343284,15.03513125846483,15.186121144636948,20.76139234214839
2012-09-19,1742,75000,1167650,15.6,15.75,15.4,15.5,-0.1,41,15.558910042059809,15.371847032553596,15.075554627293975,15.195490662707487,20.721683720698213
2012-09-20,1742,55000,854850,15.8,15.8,15.5,15.5,0.0,22,15.539273361373207,15.395147572089305,15.11246292057276,15.204580493671441,20.682274786957095
2012-09-21,1742,89000,1397100,15.6,15.85,15.55,15.85,0.35,43,15.642848907582138,15.477848013527613,15.17659657965339,15.223846747591697,20.645804788564966
2012-09-24,1742,481000,8055300,16.0,16.95,15.95,16.8,0.95,274,16.02856593838809,15.71823928379532,15.317762094466138,15.270896098409855,20.616779846764477
2012-09-25,1742,222000,3673400,16.8,16.8,16.3,16.7,-0.1,129,16.25237729225873,15.89674123219617,15.437956694947344,15.31355591636777,20.587219244147388
2012-09-26,1742,127000,2061750,16.55,16.55,16.05,16.2,-0.5,75,16.234918194839153,15.951879189978685,15.504221330169313,15.340016933789627,20.554108155512314
2012-09-27,1742,111000,1782200,16.2,16.2,15.9,16.15,-0.05,64,16.20661212989277,15.987901155437106,15.560375997111112,15.364195532780982,20.52086960339524
2012-09-28,1742,190000,3061050,16.15,16.65,15.8,15.8,-0.35,118,16.071074753261847,15.953737308993995,15.581212866927537,15.377204621354684,20.485240398841313
2012-10-01,1742,65000,1018700,15.75,15.75,15.6,15.65,-0.15,46,15.930716502174565,15.89851234372236,15.587194356759925,15.385347766985888,20.4487480184727
2012-10-02,1742,78000,1219900,15.7,15.8,15.6,15.6,-0.05,37,15.820477668116377,15.844237372136476,15.588307890954715,15.391755296329592,20.41215369380498
2012-10-03,1742,64000,987200,15.5,15.5,15.3,15.45,-0.15,50,15.696985112077584,15.772557849929845,15.576281117828218,15.393493944200351,20.374703477247962
2012-10-04,1742,48000,730200,15.4,15.4,15.15,15.2,-0.25,38,15.531323408051723,15.668456422669873,15.543561020625765,15.387718005567505,20.33564911138194
2012-10-05,1742,39000,602000,15.2,15.5,15.2,15.5,0.3,30,15.520882272034482,15.637827982184442,15.539773105788742,15.391069706893848,20.29915364639038
2012-10-08,1742,144000,2195650,15.25,15.25,15.2,15.2,-0.3,37,15.413921514689655,15.558222894514543,15.510227618328852,15.385366133553733,20.260669467927055
2012-10-09,1742,259000,3780850,15.1,15.1,14.2,14.2,-1.0,135,15.009281009793103,15.31127327733008,15.39629478195243,15.349982069865561,20.214928566282325
2012-10-11,1742,86000,1228400,14.1,14.6,14.0,14.35,0.15,47,14.789520673195401,15.13649631781552,15.305312627000044,15.320131858824798,20.170664954461326
2012-10-12,1742,30000,430700,14.35,14.45,14.15,14.35,0.0,21,14.643013782130268,14.993496987303608,15.222241963782649,15.291172698859878,20.126735407635202
2012-10-15,1742,35000,497250,14.2,14.5,14.1,14.35,0.0,27,14.545342521420178,14.876497535066589,15.146394836497201,15.263077991431224,20.08313740455871
2012-10-16,1742,18000,257150,14.35,14.5,14.15,14.25,-0.1,12,14.446895014280118,14.762588892327209,15.068447459410487,15.23283685735865,20.039113726033737
2012-10-17,1742,56000,800400,14.3,14.4,14.2,14.4,0.15,21,14.431263342853413,14.696663639176807,15.010321593374792,15.207976055646451,19.99655437715801
2012-10-18,1742,5000,72200,14.4,14.5,14.4,14.5,0.1,5,14.454175561902275,14.660906613871934,14.96594580264655,15.186842442045064,19.955070947896438
2012-10-19,1742,16000,229000,14.4,14.45,14.2,14.2,-0.3,13,14.369450374601517,14.577105411349764,14.89934181980772,15.157384458700434,19.911636450176466
2012-10-22,1742,119000,1760000,14.1,15.15,14.0,15.15,0.95,60,14.629633583067678,14.681268063831626,14.9211381833027,15.157164027097437,19.87569957130721
2012-10-23,1742,162000,2489600,15.8,15.8,15.0,15.05,-0.1,110,14.769755722045119,14.748310234044057,14.932343558667682,15.153965100915425,19.839279197184137
2012-10-24,1742,51000,747550,14.5,14.9,14.5,14.8,-0.25,36,14.77983714803008,14.757708373308773,14.920835423131361,15.14339897850004,19.801246901356333
2012-10-25,1742,25000,363450,14.5,14.7,14.5,14.5,-0.3,18,14.686558098686719,14.71085230543445,14.884241038511243,15.124193038843321,19.761237490780058
2012-10-26,1742,93000,1326900,14.5,14.75,14.1,14.45,-0.05,56,14.607705399124479,14.663424613537277,14.846480948205917,15.104067873504714,19.72115267952889
2012-10-29,1742,31000,437100,14.1,14.2,14.0,14.0,-0.45,25,14.405136932749652,14.5428019565305,14.772873909231489,15.07111062354935,19.67797416873999
2012-10-30,1742,41000,578150,14.0,14.4,14.0,14.2,0.2,25,14.336757955166435,14.48047432807041,14.72305878668962,15.045107321353846,19.63663096746648
2012-10-31,1742,27000,380200,14.0,14.2,14.0,14.1,-0.1,17,14.257838636777624,14.411297177512154,14.668879761760088,15.016895162507463,19.594845073372394
2012-11-01,1742,70000,987100,14.1,14.25,14.05,14.05,-0.05,28,14.188559091185082,14.345606781600853,14.61506413030269,14.988032620343061,19.552997186026186
2012-11-02,1742,45000,635850,14.3,14.3,14.1,14.1,0.05,26,14.159039394123388,14.30095100312797,14.570275945058977,14.96152418391491,19.511842490282593
2012-11-05,1742,95000,1298450,14.05,14.05,13.5,13.5,-0.6,51,13.939359596082259,14.155323548013794,14.477208471575588,14.91789659633536,19.466470094129516
2012-11-06,1742,106000,1389400,13.55,13.55,12.7,13.2,-0.3,74,13.692906397388173,13.981628357465832,14.366146865351624,14.866616100922364,19.419175980211556
2012-11-07,1742,43000,569150,13.25,13.3,13.2,13.2,0.0,18,13.528604264925448,13.839514110653862,14.264742790103657,14.816866366566472,19.37223880300241
2012-11-08,1742,28000,366200,13.0,13.4,12.9,13.0,-0.2,21,13.352402843283633,13.68687518144407,14.1547651561816,14.76263154965404,19.324146434677864
2012-11-09,1742,82000,1108650,12.9,13.9,12.9,13.5,0.5,37,13.401601895522422,13.652897875726966,14.09782905564407,14.724941055634517,19.280190612529353
2012-11-12,1742,29000,386450,13.1,13.6,13.1,13.3,-0.2,23,13.367734597014948,13.58873462559479,14.028452616022847,14.682405501734978,19.235057098472527
2012-11-13,1742,9000,119100,13.25,13.3,13.2,13.2,-0.1,9,13.311823064676632,13.518055602759373,13.956413258107817,14.638154591235427,19.18950949772934
2012-11-14,1742,52000,683800,13.4,13.4,13.05,13.05,-0.15,22,13.224548709784422,13.432954584075851,13.877594713924529,14.590746991497056,19.14317357699176
2012-11-15,1742,30000,391150,13.05,13.1,13.0,13.0,-0.05,13,13.149699139856281,13.354235568789333,13.801282130105005,14.54326200667625,19.096810002825784
2012-11-16,1742,64000,828350,13.0,13.05,12.8,13.05,0.05,35,13.116466093237522,13.298920010827636,13.73595324922631,14.498687021402331,19.051173700917666
2012-11-19,1742,102000,1293250,13.0,13.0,12.5,12.5,-0.55,48,12.910977395491681,13.153661827040793,13.628479053641414,14.439024722255994,19.00173088053338
2012-11-20,1742,56000,707950,12.6,12.9,12.55,12.6,0.1,31,12.80731826366112,13.052996040306104,13.539046092455203,14.384128461890143,18.95341593049162
2012-11-21,1742,82000,1001400,12.6,12.6,12.0,12.05,-0.55,55,12.554878842440747,12.870633123886812,13.409563823546055,14.31445298541581,18.901314678186022
2012-11-22,1742,66000,798750,12.05,12.25,12.05,12.1,0.05,35,12.403252561627164,12.730518010452846,13.295688708455094,14.248349911224294,18.849984001369524
2012-11-23,1742,14000,171900,12.05,12.3,12.05,12.3,0.2,9,12.368835041084777,12.652242008552328,13.209107081632911,14.190190212381777,18.800550159849752
2012-11-26,1742,28000,345900,12.3,12.5,12.25,12.5,0.2,24,12.412556694056518,12.624561643360996,13.147445596273528,14.139736773206202,18.752998837888622
2012-11-27,1742,85000,1055750,12.5,12.5,12.3,12.5,0.0,38,12.441704462704346,12.601914071840815,13.091145979206264,14.090789406841838,18.705806393829086
2012-11-28,1742,75000,935100,12.6,12.6,12.35,12.4,-0.1,37,12.427802975136231,12.565202422415211,13.031046328840501,14.04031808126447,18.658215402177547
2012-11-29,1742,23000,288300,12.4,12.7,12.4,12.6,0.2,18,12.485201983424155,12.571529254703355,12.99356403937611,13.997323511674486,18.612493021783752
2012-11-30,1742,50000,631850,12.85,12.85,12.45,12.65,0.05,36,12.540134655616104,12.585796662939108,12.963688905517317,13.957104899385696,18.567493074449537
2012-12-03,1742,40000,501950,12.65,12.65,12.45,12.5,-0.15,27,12.526756437077402,12.570197269677452,12.923368131124507,13.913609230747317,18.521700673887654
2012-12-04,1742,15000,187650,12.5,12.55,12.45,12.55,0.05,11,12.534504291384936,12.566525038827006,12.89090133711368,13.872904477590682,18.476631234839445
2012-12-05,1742,72000,938500,12.55,13.25,12.55,13.2,0.65,58,12.756336194256624,12.681702304494824,12.917779481712492,13.852817776767079,18.436807602878392
2012-12-06,1742,57000,756400,13.2,13.4,13.15,13.2,0.0,39,12.904224129504415,12.775938249132128,12.942320396346188,13.833330678953136,18.397284526630255
2012-12-07,1742,80000,1031850,13.3,13.3,12.75,12.95,-0.25,42,12.919482753002944,12.807585840199014,12.94298818796826,13.806962598984386,18.356172945297196
2012-12-10,1742,62000,818550,13.3,13.5,13.05,13.05,0.1,41,12.962988502001963,12.851661141981012,12.952293562927542,13.78436670050724,18.316126357030804
2012-12-11,1742,23000,298050,13.2,13.2,12.8,12.85,-0.2,18,12.925325668001308,12.851359116166282,12.94339847049906,13.756475157208516,18.274872573204156
2012-12-12,1742,30000,386100,12.9,13.05,12.75,12.75,-0.1,20,12.866883778667539,12.83293018595423,12.926581212194794,13.726431122664978,18.233175421708275
2012-12-13,1742,133000,1791500,13.0,13.6,13.0,13.6,0.85,80,13.111255852445026,12.972397424871643,12.985139367656116,13.722657059301845,18.198208060035004
2012-12-14,1742,151000,2073250,13.6,14.05,13.4,13.7,0.1,99,13.307503901630017,13.104688802167708,13.047301161772975,13.721980729173431,18.164259319959267
2012-12-17,1742,125000,1652700,13.6,13.6,13.0,13.2,-0.5,63,13.271669267753344,13.122018110864488,13.060579321618803,13.706399214869746,18.126793211884102
2012-12-18,1742,66000,875250,13.2,13.4,13.1,13.25,0.05,47,13.26444617850223,13.145287545252764,13.0770506849563,13.692775357709456,18.089987225379318
2012-12-19,1742,193000,2641500,13.45,13.95,13.45,13.45,0.2,114,13.326297452334819,13.20068980975226,13.10948106017749,13.68552833210619,18.05496845386702
2012-12-20,1742,78000,1063550,13.45,13.7,13.45,13.7,0.25,52,13.450864968223213,13.291473480706395,13.160830533205534,13.685960322192571,18.02210076742274
2012-12-21,1742,69000,928800,13.7,13.7,13.15,13.4,-0.3,39,13.433909978815475,13.311205575123415,13.181627878144184,13.677424193171897,17.98721698804596
2012-12-22,1742,25000,334000,13.35,13.5,13.3,13.5,0.1,18,13.455939985876983,13.345531834191885,13.209312410479471,13.6721279485996,17.953351199456936
2012-12-24,1742,34000,458400,13.5,13.65,13.3,13.6,0.1,23,13.503959990584654,13.391798773429723,13.243285244350822,13.669974875507075,17.920495718706317
2012-12-25,1742,154000,2178500,13.5,14.45,13.5,14.25,0.65,90,13.752639993723102,13.547835360078865,13.330825657885534,13.687289058327758,17.892793864225514
2012-12-26,1742,96000,1365850,14.25,14.45,14.1,14.3,0.05,44,13.935093329148735,13.684592567337253,13.415101687634618,13.705578937183645,17.865678438835133
2012-12-27,1742,34000,483750,14.3,14.3,14.1,14.15,-0.15,17,14.006728886099157,13.769212100548662,13.47900588870987,13.718845237566223,17.837635582692982
2012-12-28,1742,146000,2035300,14.25,14.25,13.85,13.85,-0.3,56,13.954485924066105,13.783900809539814,13.511266246213358,13.72276030510156,17.807540219804732
2013-01-02,1742,97000,1378800,13.75,14.5,13.75,14.4,0.55,59,14.102990616044071,13.89591884416894,13.588547442194805,13.742976415397035,17.78182293512696
2013-01-03,1742,195000,2900450,14.4,15.1,14.4,14.85,0.45,101,14.35199374402938,14.069388145229132,13.698238968960474,13.776021895534436,17.759695969578832
2013-01-04,1742,36000,528750,14.7,14.8,14.65,14.7,-0.15,20,14.46799582935292,14.184044846096562,13.785348623833476,13.803603331488631,17.736603924525408
2013-01-07,1742,175000,2622700,14.85,15.3,14.85,14.95,0.25,72,14.62866388623528,14.323309419533551,13.886622656543608,13.837824127563596,17.715572951510122
2013-01-08,1742,114000,1723750,15.1,15.3,14.7,15.25,0.3,63,14.835775924156854,14.491798615981997,14.005177208148512,13.879978631218414,17.696964853762875
2013-01-09,1742,119000,1826650,15.45,15.65,15.0,15.5,0.25,56,15.057183949437903,14.675107958530726,14.135161798744294,13.928337478047714,17.680383986942022
2013-01-10,1742,562000,9083550,15.35,16.55,15.35,16.45,0.95,190,15.521455966291935,14.99781560243423,14.336452077114355,14.003610986165693,17.67109807005944
2013-01-11,1742,151000,2426750,16.45,16.5,15.85,16.1,-0.35,81,15.714303977527956,15.198212765628007,14.48980407040876,14.06618976269806,17.659240726134463
2013-01-14,1742,71000,1065000,15.0,15.0,15.0,15.0,-1.1,53,15.476202651685304,15.16217408096837,14.534168933851475,14.094064695154835,17.639170984805148
2013-01-15,1742,426000,6079850,14.0,14.85,14.0,14.7,-0.3,178,15.217468434456869,15.078142429883211,14.548589026560043,14.112152316194988,17.616988562278316
2013-01-16,1742,223000,3250100,14.55,14.7,14.45,14.55,-0.15,103,14.99497895630458,14.98211653354081,14.548711719902649,14.12522239630857,17.59384147878942
2013-01-17,1742,208000,3008900,14.6,14.85,14.0,14.2,-0.35,69,14.72998597086972,14.83991352744248,14.518388961650244,14.127454563582942,17.568227580836293
2013-01-18,1742,54000,775150,14.25,14.5,14.25,14.3,0.1,27,14.586657313913147,14.741747431543848,14.499398617158919,14.132605173625242,17.54356171230168
2013-01-21,1742,109000,1532200,14.1,14.3,13.8,13.95,-0.35,58,14.37443820927543,14.59779335308133,14.451624824362492,14.127154272920011,17.51644049183148
2013-01-22,1742,154000,2153900,13.95,14.15,13.95,14.0,0.05,58,14.249625472850287,14.489103652521088,14.412353100504884,14.123358622982101,17.489901318308224
2013-01-23,1742,56000,788900,14.0,14.15,14.0,14.1,0.1,21,14.199750315233524,14.41835753388089,14.385191961330547,14.122661350654278,17.46431715741533
2013-01-24,1742,23000,322500,14.1,14.1,14.0,14.0,-0.1,16,14.133166876822349,14.342292527720728,14.351697008171369,14.118999817798926,17.438171367548044
2013-01-25,1742,8000,112500,14.0,14.1,14.0,14.1,0.1,6,14.1221112512149,14.298239340862414,14.329810311808641,14.11843265905866,17.41297762137787
2013-01-28,1742,215000,3012600,14.0,14.15,14.0,14.1,0.0,23,14.114740834143266,14.262195824341976,14.309826806433977,14.117882430430043,17.387974016688226
2013-01-29,1742,113000,1583400,14.1,14.15,13.9,14.0,-0.1,45,14.076493889428844,14.214523856279799,14.282885345004935,14.114363551909744,17.362404401467938
2013-01-30,1742,48000,673900,14.05,14.1,14.0,14.0,0.0,24,14.050995926285896,14.175519518774381,14.258286619352331,14.110949714539304,17.337027764475728
2013-01-31,1742,66000,940750,14.0,14.4,14.0,14.2,0.2,40,14.100663950857264,14.179970515360857,14.25321821766952,14.113607932015743,17.313352083234403
2013-02-01,1742,135000,1892450,14.2,14.2,13.95,13.95,-0.25,36,14.050442633904842,14.138157694386155,14.22685141613304,14.1087241131496,17.287968293926973
2013-02-04,1742,60000,838050,14.0,14.15,13.9,13.95,0.0,32,14.016961755936562,14.103947204497763,14.202777379947559,14.103986079921254,17.2627760803879
2013-02-05,1742,24000,332900,13.8,13.9,13.8,13.9,-0.05,14,13.977974503957707,14.066865894589078,14.176448912126032,14.097896943207187,17.237396638271765
2013-02-06,1742,43000,597300,13.9,14.0,13.85,13.85,-0.05,21,13.935316335971805,14.027435731936519,14.148062050202029,14.090497034454733,17.21183138062443
2013-02-18,1742,22000,305800,14.1,14.1,13.8,13.8,-0.05,17,13.89021089064787,13.986083780675333,14.11779578496707,14.081825481187428,17.186081709827267
2013-02-19,1742,34000,469750,13.8,13.95,13.7,13.8,0.0,23,13.860140593765246,13.95225036600709,14.090161368882978,14.07341278025646,17.160526376168193
2013-02-20,1742,74000,1034600,13.8,14.15,13.8,14.0,0.2,50,13.906760395843497,13.960932117642166,14.082321249849675,14.071221353980148,17.136673346914094
2013-02-21,1742,14000,196400,13.9,14.1,13.9,14.1,0.1,11,13.971173597228997,13.986217187161772,14.083858532471442,14.072080418040441,17.113755057503422
2013-02-22,1742,63000,888200,14.0,14.15,14.0,14.1,0.0,23,14.014115731485997,14.006904971314178,14.085262138343492,14.072913838397444,17.091009736314717
2013-02-23,1742,62000,879550,14.15,14.4,14.1,14.4,0.3,39,14.142743820990665,14.0783767947116,14.112630648052754,14.08267760441543,17.070700228870834
2013-02-25,1742,95000,1341300,14.5,14.5,14.0,14.05,-0.35,49,14.111829213993778,14.073217377491309,14.107184504743818,14.081702153537357,17.04790249129445
2013-02-26,1742,53000,740150,13.8,14.1,13.8,14.1,0.05,30,14.107886142662519,14.078086945220162,14.106559765200878,14.082248357909377,17.025654170605435
2013-02-27,1742,65000,910850,14.0,14.15,13.95,14.0,-0.1,14,14.071924095108345,14.063889318816496,14.097293698661671,14.07979318304641,17.002819044789543
2013-03-01,1742,155000,2194750,14.0,14.25,14.0,14.15,0.15,65,14.097949396738898,14.079545806304406,14.101876855299787,14.081888908925622,16.981288335017545
2013-03-04,1742,77000,1076450,14.0,14.0,13.9,13.9,-0.25,24,14.031966264492599,14.04690111424906,14.084322346143285,14.0764593892562,16.958033328715526
2013-03-05,1742,691000,10208350,14.3,14.85,14.2,14.85,0.95,296,14.304644176328399,14.192919093476503,14.150903011696043,14.099550153756015,16.942123643215787
2013-03-06,1742,512000,7683200,15.0,15.25,14.8,14.9,0.05,243,14.503096117552266,14.321479258298957,14.216041880244212,14.12344417901703,16.926711389304725
2013-03-07,1742,255000,3715800,14.85,14.85,14.45,14.55,-0.35,106,14.518730745034844,14.363028484062783,14.245081716744716,14.13617718859861,16.908773944857142
2013-03-08,1742,610000,9472800,15.35,15.55,15.35,15.55,1.0,220,14.862487163356564,14.578841486960458,14.358552871810392,14.178380854610593,16.898519047160107
2013-03-11,1742,1826000,29920150,15.7,16.6,15.7,16.6,1.05,651,15.441658108904376,14.946324852967647,14.553461317739924,14.250667993278933,16.896266073219277
2013-03-12,1742,455000,7457200,16.6,16.6,16.1,16.4,-0.2,239,15.76110540593625,15.210629425155348,14.714029898806016,14.314827157658666,16.892520668893095
2013-03-13,1742,976000,16767850,16.2,17.5,16.2,17.5,1.1,410,16.340736937290835,15.626878620581648,14.956288168475059,14.409906943997212,16.897105418561825
2013-03-14,1742,1369000,24851500,18.5,18.5,17.5,17.7,0.2,674,16.793824624860555,16.003809780475894,15.194871805998966,14.50811867701222,16.90316500030853
2013-03-15,1742,859000,15557200,17.7,18.5,17.7,17.95,0.25,390,17.179216416573702,16.357662547662095,15.434448170694708,14.610861403071556,16.911065641815636
2013-03-18,1742,407000,7001900,17.95,17.95,16.8,16.9,-1.05,218,17.0861442777158,16.456269357178076,15.561887460199516,14.679193898502255,16.910982127537782
2013-03-19,1742,252000,4335400,16.9,17.45,16.9,17.45,0.55,161,17.2074295184772,16.636947655872973,15.726071159312601,14.76190452839771,16.91505018695259
2013-03-20,1742,301000,5364300,17.6,18.4,17.25,17.55,0.1,169,17.3216196789848,16.80295717298698,15.884673667198463,14.845131258893302,16.919842261013326
2013-03-21,1742,247000,4344050,17.85,17.85,17.3,17.6,0.05,125,17.4144131193232,16.94787405062571,16.033832478746422,14.927366146687532,16.92497552696794
2013-03-22,1742,158000,2772400,17.9,17.9,17.3,17.35,-0.25,81,17.3929420795488,17.020987859602855,16.148281828420647,14.999683575144621,16.92818325883988
2013-03-25,1742,191000,3295350,17.35,17.5,17.0,17.15,-0.2,99,17.311961386365866,17.044444612402334,16.235387756384068,15.063872125140303,16.92985734745241
2013-03-26,1742,222000,3801500,17.15,17.5,16.8,17.05,-0.1,124,17.22464092424391,17.045454682874638,16.306223603655017,15.123159524389846,16.93076408445277
2013-03-27,1742,238000,4007400,16.9,17.1,16.6,16.6,-0.45,133,17.016427282829273,16.964462922351977,16.331769377250232,15.167244314706567,16.928267751739916
2013-03-28,1742,244000,4070850,16.6,16.85,16.5,16.85,0.25,143,16.960951521886184,16.943651481924345,16.376832909663257,15.217475827700401,16.927677051726786
2013-03-29,1742,153000,2561600,16.8,16.95,16.65,16.7,-0.15,90,16.873967681257454,16.899351212483555,16.404934395779495,15.261730280604867,16.925958734355262
2013-04-01,1742,292000,5131350,16.8,17.85,16.8,17.85,1.15,119,17.19931178750497,17.072196446577454,16.530592274407365,15.338992063273379,16.93293263069975
2013-04-02,1742,620000,11735050,18.7,19.05,18.7,19.05,1.2,223,17.816207858336647,17.431797092654282,16.749671207067593,15.449768419593576,16.948910497637865
2013-04-03,1742,1842000,35485450,19.7,19.9,18.6,18.8,-0.25,816,18.14413857222443,17.68056125762623,16.927960667322584,15.549775332441529,16.962880984448145
2013-04-08,1742,756000,13416350,18.3,18.3,17.5,17.5,-1.3,343,17.929425714816286,17.647731938057824,16.977703217990186,15.607990994159692,16.966934712867403
2013-04-09,1742,313000,5571300,17.5,18.1,17.45,17.7,0.2,172,17.85295047654419,17.65723522204731,17.040511633817125,15.670439024184777,16.972467281072177
2013-04-10,1742,432000,7868350,17.7,18.5,17.7,18.05,0.35,202,17.91863365102946,17.72864699985689,17.128293230876505,15.741470695104635,16.98059960347918
2013-04-11,1742,539000,10138650,18.3,19.05,18.3,19.0,0.95,277,18.279089100686306,17.959802090792,17.29105034123507,15.838740226594048,16.995840361188773
2013-04-12,1742,335000,6282150,19.1,19.2,18.5,18.8,-0.2,162,18.452726067124203,18.112565347011635,17.422263355040716,15.92713604072557,17.009456660349613
2013-04-15,1742,333000,6250650,18.8,19.0,18.7,18.8,0.0,107,18.568484044749468,18.23755346573679,17.542066541558913,16.01289317383824,17.022970194988485
2013-04-16,1742,597000,11621200,18.65,19.9,18.65,19.8,1.0,291,18.978989363166313,18.52163465378465,17.738408581423357,16.125941138798293,17.043928910498007
2013-04-17,1742,816000,16738300,19.9,21.15,19.7,21.15,1.35,411,19.70265957544421,18.99951926218744,18.03506870477785,16.275913045102822,17.074918126267832
2013-04-18,1742,1994000,43364800,21.15,22.55,20.6,20.7,-0.45,801,20.035106383629472,19.30869757815336,18.266801860884122,16.40797534226393,17.10227723474883
2013-04-19,1742,688000,14296550,20.4,21.05,20.4,20.95,0.25,303,20.34007092241965,19.607116200307296,18.500123438198546,16.543558167867992,17.131316651845065
2013-04-22,1742,265000,5545550,20.95,21.5,20.6,20.7,-0.25,148,20.4600472816131,19.80582234570597,18.69141705226824,16.667631058379396,17.158250111076423
2013-04-23,1742,253000,5163250,20.4,20.6,20.25,20.35,-0.35,143,20.423364854408735,19.904763737395793,18.835641656418826,16.777552519323294,17.182338789483392
2013-04-24,1742,626000,13317750,20.35,21.7,20.35,20.95,0.6,314,20.598909902939155,20.094806694232922,19.019498903686753,16.90210319038827,17.210773968430686
2013-04-25,1742,195000,4026600,21.2,21.2,20.35,20.7,-0.25,103,20.632606601959438,20.204841840736027,19.165629433800948,17.015473244406532,17.23710774980102
2013-04-26,1742,266000,5487800,20.65,21.0,20.3,20.4,-0.3,159,20.555071067972957,20.240325142420385,19.27296600477478,17.116503893827232,17.26097863470818
2013-04-29,1742,141000,2863800,20.2,20.7,20.1,20.3,-0.1,88,20.470047378648637,20.25117511652577,19.362273308707408,17.211533628339854,17.28391464501227
2013-04-30,1742,166000,3384450,20.5,20.6,20.2,20.4,0.1,78,20.446698252432423,20.278234186248355,19.452510412298068,17.306711728986425,17.30743227033293
2013-05-02,1742,125000,2532250,20.4,20.5,20.1,20.2,-0.2,74,20.364465501621616,20.264009788748655,19.517509506880845,17.39307854304653,17.329262970179474
2013-05-03,1742,346000,7174900,20.5,21.1,20.1,20.5,0.3,200,20.409643667747744,20.306917099885265,19.60294346280425,17.485822467134696,17.353193060970572
2013-05-06,1742,311000,6473150,20.8,21.0,20.5,20.7,0.2,135,20.506429111831828,20.378386718087945,19.698339683429968,17.581768065130674,17.378451981265133
2013-05-07,1742,174000,3566200,20.7,20.7,20.3,20.35,-0.35,94,20.454286074554552,20.373225496617412,19.75500579791432,17.66440185423125,17.400878758765018
2013-05-08,1742,160000,3278300,20.35,20.65,20.35,20.35,0.0,77,20.419524049703035,20.36900267905061,19.80674442418264,17.744568963060168,17.42313627756679
2013-05-09,1742,278000,5621700,20.35,20.5,20.1,20.15,-0.2,132,20.329682699802024,20.329184010132316,19.83659273512328,17.81637287461061,17.443716381132322
2013-05-10,1742,317000,6568800,20.4,20.95,20.3,20.55,0.4,170,20.403121799868018,20.36933237192644,19.898628149460386,17.897973684323727,17.467160031086042
2013-05-13,1742,205000,4229900,20.55,20.95,20.35,20.4,-0.15,102,20.40208119991201,20.37490830430345,19.94222570168122,17.97266103703048,17.489294672360863
2013-05-14,1742,502000,9856250,20.4,20.8,19.0,19.45,-0.95,279,20.08472079994134,20.20674315806646,19.899423466752417,18.016760707566885,17.50409244841852
2013-05-15,1742,1193000,21763300,18.45,18.9,18.1,18.3,-1.15,479,19.48981386662756,19.86006258387256,19.760343165295684,18.02521561181862,17.510099297864418
2013-05-16,1742,344000,6234650,18.3,18.4,17.85,18.15,-0.15,188,19.043209244418374,19.549142114077547,19.620313324835188,18.02894051892851,17.514928737125818
2013-05-17,1742,271000,4905450,18.05,18.5,17.75,17.85,-0.3,149,18.64547282961225,19.240207184245268,19.466373035719084,18.023599010900796,17.517457576845622
2013-05-20,1742,135000,2408450,17.85,18.1,17.7,17.75,-0.1,84,18.346981886408166,18.9692604234734,19.31712320652612,18.01543187624704,17.519212614001503
2013-05-21,1742,238000,4237100,17.7,18.15,17.55,17.7,-0.05,137,18.131321257605443,18.738485801023693,19.176503797262978,18.006015999344143,17.52057704710338
2013-05-22,1742,203000,3632700,17.7,18.15,17.7,18.0,0.3,103,18.087547505070294,18.604215655383022,19.07419911924011,18.005836417274168,17.524195333540337
2013-05-23,1742,119000,2116250,17.8,17.95,17.7,17.85,-0.15,69,18.008365003380195,18.467085536222474,18.96774702191488,18.0011845839227,17.52665423668343
2013-05-24,1742,123000,2201700,17.85,18.05,17.7,17.7,-0.15,69,17.90557666892013,18.327615438727477,18.857508150444023,17.992193999327995,17.527962506595255
2013-05-27,1742,79000,1402600,17.4,17.95,17.4,17.75,0.05,49,17.853717779280085,18.222594449867938,18.761203093883672,17.984964327706265,17.52963826126246
2013-05-28,1742,362000,6708100,17.85,18.95,17.85,18.6,0.85,227,18.10247851952006,18.29121364080104,18.747185433545962,18.00332360150608,17.537716463064253
2013-05-29,1742,187000,3459750,18.6,18.7,18.25,18.35,-0.25,118,18.18498567968004,18.301902069746305,18.712647569759355,18.013672150714854,17.543846904852447
2013-05-30,1742,132000,2436450,18.3,18.7,18.25,18.4,0.05,87,18.25665711978669,18.31973805706516,18.685460824562888,18.02520432532038,17.550308437646013
2013-05-31,1742,143000,2624200,18.5,18.6,18.2,18.3,-0.1,71,18.27110474652446,18.316149319416947,18.6519424919922,18.033407181280968,17.55596648717321
2013-06-03,1742,60000,1083250,18.1,18.2,17.85,18.15,-0.15,42,18.230736497682972,18.28594035225023,18.60829531877549,18.036887563929298,17.56044975896813
2013-06-04,1742,67000,1215300,18.15,18.4,18.0,18.0,-0.15,38,18.15382433178865,18.233951197295642,18.55540007366458,18.035786442617976,17.563767119277802
2013-06-05,1742,66000,1196200,17.85,18.4,17.85,18.15,0.15,45,18.152549554525766,18.21868734324189,18.52014789334592,18.039195802539826,17.568191518377592
2013-06-06,1742,100000,1788450,18.0,18.1,17.7,17.9,-0.25,54,18.068366369683844,18.160744189925182,18.46622198957671,18.035040703956547,17.57069573333323
2013-06-07,1742,139000,2442400,17.8,17.9,17.3,17.35,-0.55,83,17.828910913122563,18.013336155393333,18.369159207874386,18.014591727719036,17.569030105157132
2013-06-10,1742,293000,4957950,17.05,17.1,16.85,16.85,-0.5,118,17.50260727541504,17.801820490776365,18.237058407189657,17.979827795548317,17.56360346285406
2013-06-11,1742,309000,5070850,16.9,16.9,16.1,16.3,-0.55,147,17.101738183610028,17.528762219726115,18.068618545694903,17.929683682248367,17.55406683294573
2013-06-13,1742,92000,1484350,16.3,16.3,16.0,16.2,-0.1,49,16.80115878907335,17.287169088866822,17.906129976504044,17.878051333524535,17.54384746062161
2013-06-14,1742,65000,1047700,16.3,16.3,16.0,16.0,-0.2,47,16.534105859382233,17.05313834543649,17.74037954376456,17.821990099687984,17.532195781673522
2013-06-17,1742,93000,1484300,16.0,16.25,15.6,16.25,0.25,53,16.43940390625482,16.907113191720764,17.610781322567643,17.775065022085357,17.522518832377873
2013-06-18,1742,60000,968050,16.25,16.25,16.1,16.25,0.0,19,16.37626927083655,16.787638065953352,17.492452511909587,17.729540693067882,17.512914916661813
2013-06-19,1742,182000,3109450,16.2,17.35,16.2,17.35,1.1,89,16.7008461805577,16.88988569032547,17.480065336960926,17.718211120140484,17.51168537012097
2013-06-20,1742,658000,11835900,17.55,18.4,17.55,18.3,0.95,374,17.233897453705133,17.146270110266293,17.551364003312152,17.735577952375095,17.517634914497414
2013-06-21,1742,143000,2514700,17.35,17.95,17.35,17.45,-0.85,103,17.30593163580342,17.201493726581514,17.542549742154574,17.727053237378822,17.517124462312527
2013-06-24,1742,117000,2053550,17.45,17.8,17.35,17.4,-0.05,76,17.33728775720228,17.237585776293965,17.530154112402002,17.717290454173483,17.516240504106396
2013-06-25,1742,117000,1995250,17.25,17.65,16.8,16.9,-0.5,80,17.191525171468186,17.176206544240518,17.475358102627915,17.692893724198154,17.51158963237729
2013-06-26,1742,114000,1968850,17.8,17.8,17.0,17.0,0.1,58,17.127683447645456,17.14416899074224,17.434022615442878,17.67221032944597,17.50772857854803
2013-06-27,1742,75000,1278750,17.3,17.3,17.0,17.05,0.05,47,17.101788965096972,17.127047356061833,17.400629344534803,17.653636886775942,17.50427402323823
2013-06-28,1742,80000,1352450,17.0,17.0,16.7,17.0,-0.05,49,17.067859310064648,17.103947836777863,17.36579201022743,17.63412533791696,17.500468181553416
2013-07-01,1742,63000,1068200,17.0,17.0,16.8,17.0,0.0,24,17.0452395400431,17.08504823009098,17.33398400933809,17.615196223352275,17.496691063202068
2013-07-02,1742,56000,953950,17.0,17.15,17.0,17.0,0.0,29,17.030159693362066,17.069584915528985,17.304941921569558,17.59683215698355,17.492942451404318
2013-07-03,1742,65000,1096850,17.0,17.05,16.75,16.9,-0.1,31,16.986773128908045,17.038751294523713,17.26972958056351,17.576031197073593,17.488467414035227
2013-07-04,1742,66000,1100650,16.9,16.9,16.5,16.55,-0.35,41,16.841182085938698,16.94988742279213,17.207144399644942,17.545403400146025,17.481384641099112
2013-07-05,1742,40000,666450,16.6,16.75,16.6,16.6,0.05,25,16.760788057292466,16.886271527739016,17.154349234458426,17.51718240312674,17.474732681543646
2013-07-08,1742,88000,1447650,16.5,16.6,16.15,16.6,0.0,46,16.70719203819498,16.834222159059195,17.10614495320117,17.489803823928927,17.468130925456524
2013-07-09,1742,86000,1408700,16.5,16.5,16.3,16.35,-0.25,54,16.58812802546332,16.74618176650298,17.0403932181402,17.45577982918478,17.459692201490814
2013-07-10,1742,66000,1078650,16.35,16.45,16.3,16.3,-0.05,44,16.49208535030888,16.665057808956984,16.976011199171488,17.421278938761354,17.450939807517297
2013-07-11,1742,95000,1587650,16.75,17.15,16.45,16.95,0.65,70,16.644723566872585,16.716865480055713,16.97374935576527,17.407210910738627,17.447159129724714
2013-07-12,1742,274000,4924400,17.5,18.1,17.4,18.1,1.15,115,17.12981571124839,16.968344483681946,17.07168419439438,17.427891182059863,17.452086230632453
2013-07-15,1742,397000,7252400,18.45,18.8,17.75,17.9,-0.2,200,17.386543807498928,17.137736395739775,17.14371165575139,17.44198398259539,17.4554667119107
2013-07-16,1742,70000,1243050,17.6,18.0,17.6,17.8,-0.1,53,17.524362538332618,17.258147960150726,17.200780207425183,17.45267102789105,17.45806696314156
2013-07-17,1742,57000,1022600,17.65,18.2,17.65,17.8,0.0,38,17.616241692221745,17.356666512850595,17.252886276344732,17.463039056909228,17.46064758983483
2013-07-18,1742,58000,1032400,17.8,17.95,17.75,17.75,-0.05,21,17.660827794814498,17.428181692332306,17.296113556662583,17.471605055210446,17.462831381609664
2013-07-19,1742,43000,758750,17.75,17.8,17.5,17.65,-0.1,25,17.65721852987633,17.46851229372643,17.326886290865836,17.47693027744297,17.464243974956005
2013-07-22,1742,82000,1452350,17.65,17.9,17.55,17.75,0.1,41,17.68814568658422,17.51969187668526,17.363678787312285,17.485081612444674,17.466400624201622
2013-07-23,1742,86000,1531450,17.65,18.0,17.65,17.7,-0.05,39,17.69209712438948,17.552475171833397,17.392924110154695,17.491497086700058,17.46816363835859
2013-07-24,1742,41000,729400,17.7,17.9,17.7,17.8,0.1,22,17.72806474959299,17.597479686045506,17.428322013619503,17.500706128888115,17.47066806372947
2013-07-25,1742,99000,1762200,17.95,17.95,17.7,17.8,0.0,50,17.752043166395325,17.63430156130996,17.460641838522154,17.50964027429444,17.473153587776796
2013-07-26,1742,84000,1494900,17.8,18.0,17.7,17.85,0.05,31,17.78469544426355,17.673519459253605,17.494499069955012,17.519800266106547,17.47599771164263
2013-07-29,1742,177000,3196450,17.95,18.35,17.7,18.0,0.15,88,17.856463629509033,17.73287955757113,17.53845567256762,17.534134586521276,17.479952445894384
2013-07-30,1742,182000,3325250,18.15,18.5,18.0,18.35,0.35,101,18.020975753006024,17.845083274376382,17.609024744518262,17.558488777968403,17.486518842529144
2013-07-31,1742,137000,2497050,18.35,18.5,18.05,18.05,-0.3,70,18.030650502004015,17.882340860853404,17.64737041890798,17.573160754745466,17.490771530510056
2013-08-01,1742,61000,1101500,18.4,18.4,17.95,17.95,-0.1,37,18.00376700133601,17.89464252251642,17.673686034655113,17.58440968743963,17.49423740575149
2013-08-02,1742,84000,1514350,18.3,18.3,17.85,17.9,-0.05,29,17.969178000890672,17.895616609331615,17.693365509902495,17.593830293784716,17.497299764953368
2013-08-05,1742,36000,640500,17.9,18.0,17.75,17.75,-0.15,19,17.89611866726045,17.869140862180412,17.698290248171844,17.5984920760598,17.499206936538627
2013-08-06,1742,40000,712750,17.8,18.0,17.75,17.8,0.05,28,17.864079111506967,17.856569796329428,17.707134574417772,17.604507237968463,17.50147707286664
2013-08-07,1742,54000,952500,17.5,17.75,17.5,17.65,-0.15,26,17.79271940767131,17.819011651542258,17.702166350555355,17.605865230864925,17.502598000618587
2013-08-08,1742,146000,2637200,17.45,18.4,17.45,18.1,0.45,88,17.895146271780874,17.870100442170937,17.736760580941848,17.620615522480897,17.507106694953542
2013-08-09,1742,69000,1249400,18.15,18.2,18.05,18.1,0.0,33,17.963430847853918,17.911900361776222,17.768346617381688,17.634925506884453,17.511581361406723
2013-08-12,1742,65000,1180600,18.2,18.35,18.1,18.35,0.25,37,18.092287231902613,17.991554841453272,17.818925172391975,17.656271014141634,17.517909049245162
2013-08-13,1742,47000,857950,18.4,18.45,18.15,18.15,-0.2,25,18.111524821268407,18.02036305209813,17.84771428783615,17.671009192823973,17.52267954698671
2013-08-14,1742,101000,1773750,17.4,17.8,17.3,17.6,-0.55,58,17.941016547512273,17.943933406262108,17.826173914980835,17.668889515426244,17.523263097575487
2013-08-15,1742,68000,1192750,17.4,17.7,17.4,17.6,0.0,26,17.827344365008184,17.881400059668998,17.80650661802598,17.666833111980683,17.52384224400888
2013-08-16,1742,47000,832800,17.5,18.1,17.5,17.7,0.1,21,17.78489624333879,17.84841823063827,17.797245172980244,17.667823168339467,17.525171736506927
2013-08-19,1742,143000,2510000,17.6,17.65,17.4,17.4,-0.3,39,17.656597495559193,17.766887643249493,17.76270211446022,17.659828446896498,17.524227044155932
2013-08-20,1742,76000,1311400,17.35,17.35,17.15,17.15,-0.25,31,17.48773166370613,17.654726253567766,17.70942366972455,17.644609687287648,17.5214026891057
2013-08-22,1742,68000,1163050,17.15,17.35,17.0,17.1,-0.05,28,17.358487775804086,17.553866934737265,17.656430307139807,17.62835268169697,17.51822229145207
2013-08-23,1742,13000,222800,17.0,17.4,17.0,17.3,0.2,13,17.338991850536058,17.50770931023958,17.62543636738852,17.618551109109003,17.516575330761864
2013-08-26,1742,28000,479150,17.1,17.15,17.1,17.1,-0.2,17,17.259327900357373,17.433580344741475,17.579746248485172,17.603071971523658,17.513431366001395
2013-08-27,1742,35000,592100,17.1,17.1,16.8,16.9,-0.2,26,17.139551933571582,17.336565736606662,17.52063787905168,17.582084748493102,17.50880169531459
2013-08-28,1742,74000,1225150,16.6,16.8,16.45,16.45,-0.45,48,16.90970128904772,17.175371966314543,17.427538933047185,17.548291173911217,17.500810739123537
2013-08-29,1742,45000,738250,16.5,16.7,16.15,16.6,0.15,31,16.806467526031813,17.070758881530082,17.35557902582569,17.519983974689985,17.49401216750751
2013-08-30,1742,43000,713950,16.6,16.7,16.5,16.6,0.0,22,16.73764501735454,16.985166357615523,17.289876501840848,17.492521766490285,17.487264905865942
2013-09-02,1742,25000,412550,16.6,16.6,16.4,16.45,-0.15,20,16.641763344903026,16.88786338350361,17.21684376255034,17.46140171375923,17.479436491482048
2013-09-03,1742,48000,797300,16.45,16.7,16.45,16.65,0.2,24,16.644508896602016,16.844615495593864,17.16755300058944,17.437180767079848,17.473176593433127
2013-09-04,1742,42000,694300,16.7,16.7,16.5,16.6,-0.05,24,16.62967259773468,16.800139950940434,17.118200565755576,17.41219029642075,17.466586581407217
2013-09-05,1742,19000,317850,16.6,16.85,16.5,16.85,0.25,17,16.703115065156453,16.80920541440581,17.094878777429003,17.395408496527594,17.461933097773954
2013-09-06,1742,28000,479300,16.85,17.3,16.85,17.05,0.2,22,16.818743376770968,16.85298624815021,17.09097627504387,17.385097795138712,17.45882416873415
2013-09-09,1742,17000,287300,17.05,17.1,16.8,16.8,-0.25,15,16.81249558451398,16.84335238485017,17.065673990257448,17.367632189313674,17.453851910856912
2013-09-10,1742,47000,803000,16.9,17.2,16.9,17.05,0.25,27,16.89166372300932,16.880924678513775,17.064311034582886,17.358150631423715,17.45080397190705
2013-09-11,1742,18000,305900,17.05,17.1,16.9,16.95,-0.1,12,16.911109148672878,16.893483827874906,17.054370944619155,17.345967030485696,17.447024319288882
2013-09-12,1742,26000,438650,16.9,17.0,16.8,17.0,0.05,16,16.940739432448584,16.912850404624923,17.0496430363914,17.335639656441348,17.44365055084142
2013-09-13,1742,10000,168650,16.9,16.9,16.8,16.85,-0.15,6,16.910492954965722,16.90142305832948,17.032282772357366,17.32114295027892,17.439170169325635
2013-09-14,1742,32000,534050,16.8,16.8,16.55,16.7,-0.15,21,16.840328636643815,16.864800684087758,17.003388618239335,17.302601369673578,17.433591526538272
2013-09-16,1742,66000,1100700,17.0,17.0,16.55,16.6,-0.1,38,16.760219091095877,16.81665510516271,16.96831134708809,17.28162819445944,17.42730026973421
2013-09-17,1742,31000,511800,16.7,16.7,16.4,16.4,-0.2,17,16.640146060730583,16.740899631496763,16.918892969080428,17.255310934923337,17.41954706015131
2013-09-18,1742,24000,396050,16.45,16.65,16.4,16.65,0.25,15,16.643430707153723,16.724372425770078,16.895510971769085,17.237241951791297,17.413739157810546
2013-09-23,1742,88000,1460050,16.65,16.65,16.45,16.65,0.0,37,16.645620471435816,16.710850166539153,16.87416219161525,17.219712341290066,17.407975088694997
2013-09-24,1742,28000,461700,16.65,16.65,16.4,16.5,-0.15,17,16.597080314290544,16.672513772622942,16.8416263488661,17.198228390803795,17.401122446516165
2013-09-25,1742,32000,525350,16.5,16.5,16.35,16.4,-0.1,22,16.531386876193697,16.622965813964225,16.80322405766035,17.174400677645473,17.393566805410384
2013-09-26,1742,387000,6680500,16.6,17.5,16.6,17.5,1.1,236,16.854257917462466,16.78242657506164,16.863813270037713,17.184120060402325,17.39437007480351
2013-09-27,1742,218000,3823650,18.0,18.0,17.05,17.3,-0.2,142,17.002838611641643,16.87653083414134,16.901742550904,17.187579163076883,17.393657847823864
2013-09-30,1742,60000,1024850,16.8,17.15,16.8,17.05,-0.25,24,17.018559074427763,16.90807068247928,16.914634502999306,17.18347232238802,17.391064203689343
2013-10-01,1742,111000,1925100,17.0,17.75,17.0,17.25,0.2,64,17.09570604961851,16.97023964930123,16.9437967201298,17.185458223212258,17.3899995681898
2013-10-02,1742,69000,1198850,17.25,17.7,17.25,17.35,0.1,39,17.180470699745673,17.039286985791918,16.97911874446634,17.190369918041743,17.389697684656294
2013-10-03,1742,102000,1781350,17.7,17.7,17.35,17.45,0.1,25,17.270313799830447,17.113962079284295,17.020064940599703,17.19812006974199,17.390152796470208
2013-10-04,1742,158000,2779100,17.55,17.8,17.3,17.7,0.25,59,17.413542533220298,17.220514428505332,17.079189728373642,17.21310156019745,17.39249126593081
2013-10-07,1742,78000,1374250,17.7,17.8,17.5,17.55,-0.15,39,17.4590283554802,17.28042089604982,17.120129751993325,17.223158230042305,17.393680011093597
2013-10-08,1742,109000,1909200,17.5,17.7,17.4,17.6,0.05,36,17.506018903653466,17.338526187677125,17.16185759964608,17.234407238100744,17.395237143085343
2013-10-09,1742,179000,3192200,17.7,18.0,17.55,17.6,0.0,112,17.53734593576898,17.38606688082674,17.19995693880729,17.245320454873855,17.396782523137528
2013-10-11,1742,85000,1501600,17.95,17.95,17.45,17.5,-0.1,50,17.52489729051265,17.406781993403694,17.226047639780568,17.25292282935523,17.397561522962906
2013-10-14,1742,202000,3457600,17.45,17.45,16.8,17.15,-0.35,76,17.399931527008434,17.360094358239387,17.219434801538778,17.249850506090898,17.395693134110356
2013-10-15,1742,134000,2276650,17.15,17.3,16.8,17.05,-0.1,59,17.28328768467229,17.303713565832226,17.204701340535408,17.243884819341915,17.393084129324617
2013-10-16,1742,30000,518600,17.3,17.5,17.15,17.15,0.1,19,17.23885845644819,17.27576564477182,17.19994470222798,17.24108228742126,17.391249532122167
2013-10-17,1742,69000,1200750,17.15,17.7,17.15,17.5,0.35,35,17.32590563763213,17.31653552754058,17.226036467251635,17.248811174363908,17.392070290370302
2013-10-18,1742,38000,661600,17.25,17.5,17.25,17.35,-0.15,17,17.333937091754752,17.322619977078656,17.23681590488193,17.251831736323194,17.391752778744866
2013-10-21,1742,59000,1036500,17.35,17.7,17.35,17.65,0.3,36,17.43929139450317,17.38214361760981,17.27274495663133,17.263717356134443,17.393701814376982
2013-10-22,1742,43000,752050,17.4,17.5,17.4,17.45,-0.2,18,17.44286092966878,17.394481141680753,17.288158438663388,17.269278032070726,17.394126706343947
2013-10-23,1742,92000,1632300,17.55,17.8,17.55,17.75,0.3,47,17.545240619779186,17.459120934102433,17.328318574431787,17.283627941561154,17.396812542522483
2013-10-24,1742,61000,1081950,17.75,17.8,17.6,17.75,0.0,28,17.613493746519456,17.5120080369929,17.364986524481196,17.297549495544402,17.399478108239293
2013-10-25,1742,62000,1098250,18.0,18.0,17.6,17.85,0.1,29,17.692329164346305,17.57346112117601,17.40716160930892,17.3140405553789,17.40287827346013
2013-10-28,1742,193000,3487800,18.4,18.4,17.9,17.95,0.1,91,17.778219442897537,17.641922735507645,17.45436494762988,17.33302441939744,17.40700749403779
2013-10-29,1742,50000,890850,17.85,17.85,17.7,17.85,-0.1,18,17.802146295265025,17.679754965415345,17.488767995662066,17.348456526281097,17.41035083370543
2013-10-30,1742,88000,1570150,17.8,18.2,17.65,17.8,-0.05,38,17.801430863510017,17.701617698976193,17.51583164821319,17.36193543594435,17.413291582130295
2013-10-31,1742,46000,810500,17.7,17.7,17.55,17.7,-0.1,23,17.767620575673345,17.701323571889613,17.531846287499,17.3720269154684,17.415455419246292
2013-11-01,1742,77000,1361600,17.5,17.8,17.5,17.6,-0.1,34,17.711747050448896,17.68290110427332,17.537772697281696,17.378832082170835,17.416848208535
2013-11-04,1742,60000,1054600,17.6,17.95,17.45,17.95,0.35,25,17.791164700299262,17.73146453985999,17.573618549691982,17.39588187076275,17.420871995640397
2013-11-05,1742,51000,893900,17.55,17.6,17.5,17.5,-0.45,26,17.69410980019951,17.689380078067263,17.567216936675287,17.39898987462058,17.421469188126128
2013-11-06,1742,22000,385500,17.55,17.6,17.5,17.6,0.1,10,17.662739866799672,17.673129154782306,17.570067637833958,17.40499017687071,17.422816590479894
2013-11-07,1742,24000,423100,17.65,17.65,17.6,17.6,0.0,16,17.64182657786645,17.659832944821886,17.572670451935352,17.41081136562084,17.42415382375929
2013-11-08,1742,40000,700950,17.6,17.6,17.5,17.5,-0.1,18,17.594551051910965,17.630772409399725,17.566351282201843,17.413473712915742,17.42472624773092
2013-11-11,1742,191000,3387300,17.8,18.2,17.3,17.9,0.4,89,17.696367367940642,17.679722880417955,17.59536421418429,17.427996885664527,17.428313219446157
2013-11-12,1742,190000,3421850,18.0,18.2,17.65,18.15,0.25,78,17.84757824529376,17.765227811251055,17.643593412950874,17.449549217435735,17.43375991212958
2013-11-13,1742,206000,3725150,18.15,18.25,17.85,18.2,0.05,85,17.965052163529172,17.8442773001145,17.691976594433406,17.471950733333177,17.43954285618898
2013-11-14,1742,157000,2810150,18.2,18.2,17.75,17.8,-0.4,65,17.910034775686114,17.836226881911863,17.701369934047893,17.481743248756068,17.442263287463025
2013-11-15,1742,53000,938900,17.8,17.9,17.6,17.85,0.05,33,17.890023183790742,17.838731085200614,17.714294287608947,17.492735987599172,17.445340545670852
2013-11-18,1742,103000,1809000,17.9,17.9,17.5,17.6,-0.25,47,17.79334878919383,17.79532543334596,17.70435565390382,17.495937898417107,17.4465077868356
2013-11-19,1742,42000,740300,17.6,17.8,17.5,17.8,0.2,14,17.795565859462553,17.796175354555785,17.71267255356436,17.50501437906137,17.449175652595333
2013-11-20,1742,59000,1038700,17.8,17.8,17.55,17.65,-0.15,25,17.747043906308367,17.769598017363823,17.707222766297892,17.509342308044616,17.450691308047443
2013-11-21,1742,107000,1901200,17.65,17.9,17.6,17.9,0.25,39,17.798029270872245,17.793307468752218,17.72398600401112,17.521003731685074,17.454082317043312
2013-11-22,1742,54000,962300,17.9,17.9,17.75,17.85,-0.05,12,17.815352847248164,17.80361520170636,17.734943742792762,17.530824515813876,17.45707037502789
2013-11-25,1742,116000,2093150,17.95,18.2,17.9,18.1,0.25,56,17.910235231498778,17.85750334685066,17.766687765158608,17.547814828774655,17.46192267408428
2013-11-26,1742,1646000,31478000,18.2,19.35,18.2,19.35,1.25,645,18.390156820999184,18.128866374695995,17.904367089927426,17.60161140105004,17.47617231427987
2013-11-27,1742,2369000,47965400,19.5,20.7,19.15,20.7,1.35,1133,19.16010454733279,18.59634521566036,18.14746560384678,17.694100612958994,17.500503089266438
2013-11-28,1742,1331000,28057550,21.0,21.7,20.4,20.9,0.2,702,19.74006969822186,19.01519154008575,18.386816420903582,17.789799102124398,17.526159669724805
2013-11-29,1742,989000,20925150,20.85,22.0,20.45,20.7,-0.2,519,20.06004646548124,19.32152035097925,18.587962819085877,17.8766707707177,17.55011318165141
2013-12-02,1742,656000,13345300,20.7,20.75,20.05,20.55,-0.15,357,20.223364310320825,19.54488028716484,18.75857474786102,17.956471643233588,17.57275383688423
2013-12-03,1742,915000,19004650,20.55,21.25,20.45,20.45,-0.1,432,20.298909540213884,19.709447507680323,18.905655204568756,18.030905325525122,17.594468902266236
2013-12-04,1742,306000,6281800,20.85,20.85,20.35,20.35,-0.1,164,20.315939693475922,19.82591159719299,19.031250404171473,18.100132032225865,17.61526536338121
2013-12-05,1742,372000,7460250,20.35,20.6,19.6,19.7,-0.65,179,20.11062646231728,19.803018579521538,19.089402542939172,18.14788928499524,17.63099920969531
2013-12-06,1742,836000,15838100,19.65,19.95,18.55,18.65,-1.05,449,19.623750974878188,19.59337883779035,19.051193626161854,18.162877664547622,17.63868978169761
2013-12-09,1742,297000,5602400,18.95,19.15,18.75,18.75,0.1,133,19.332500649918792,19.440037230919376,19.025002876060825,18.180403704411873,17.647077028628196
2013-12-10,1742,503000,8988000,18.65,18.65,17.55,17.85,-0.9,241,18.83833376661253,19.1509395525704,18.9228287129251,18.17054090726525,17.648608522751758
2013-12-11,1742,244000,4327850,17.7,18.1,17.6,17.75,-0.1,127,18.47555584440835,18.89622327028487,18.82084360745335,18.157987447346883,17.64937374144797
2013-12-12,1742,127000,2250300,17.6,17.85,17.6,17.85,0.1,60,18.267037229605567,18.706000857505803,18.73642242419654,18.148793792202202,17.650887901889874
2013-12-13,1742,110000,1991400,17.65,18.2,17.65,18.15,0.3,69,18.228024819737044,18.60490979250475,18.68542916991858,18.14882979840512,17.654654785649196
2013-12-16,1742,96000,1731400,18.2,18.4,17.9,17.9,-0.25,56,18.11868321315803,18.476744375685705,18.61713098123001,18.141402043228847,17.656506447644297
2013-12-17,1742,188000,3355400,17.9,18.1,17.65,17.9,0.0,88,18.04578880877202,18.371881761924666,18.55477176547088,18.13419601208769,17.658344134831886
2013-12-18,1742,116000,2054400,17.95,17.95,17.65,17.7,-0.2,60,17.93052587251468,18.249721441574728,18.480443785864715,18.121234937099995,17.658658518719946
2013-12-19,1742,137000,2427950,17.7,18.0,17.65,17.65,-0.05,63,17.83701724834312,18.14068117947023,18.408231282746044,18.107168222559697,17.658593171408853
2013-12-20,1742,61000,1084200,17.65,17.85,17.65,17.7,0.05,38,17.791344832228745,18.060557328657463,18.346645953811606,18.095013947259407,17.65890567577558
2013-12-23,1742,620000,11614700,17.75,18.9,17.75,18.9,1.2,309,18.160896554819164,18.21318326890156,18.394763696958425,18.119043381669574,17.668272425392367
2013-12-24,1742,1080000,21337250,19.2,20.2,19.0,19.75,0.85,508,18.690597703212777,18.49260449273764,18.51261033200552,18.167728653858543,17.68398357689884
2013-12-25,1742,491000,9581100,18.65,20.0,18.65,20.0,0.25,187,19.127065135475185,18.766676403148978,18.641948564005038,18.22242332090754,17.70146294612979
2013-12-26,1742,371000,7439250,20.3,20.3,19.8,19.9,-0.1,160,19.38471009031679,18.97273523894007,18.75134434104808,18.272500236701347,17.71805567861183
2013-12-27,1742,976000,20354950,20.0,21.25,20.0,21.25,1.35,352,20.00647339354453,19.386783377314604,18.968618746174332,18.36138082665056,17.744711862169478
2013-12-30,1742,1362000,29530700,22.0,22.0,21.4,21.4,0.15,514,20.47098226236302,19.752822763257402,19.180043203028738,18.452085876601288,17.77229894245499
2013-12-31,1742,737000,15490550,21.9,21.9,20.35,21.25,-0.15,338,20.730654841575348,20.02503680630151,19.36003944624363,18.535605701180355,17.798545742889292
2014-01-02,1742,597000,12636450,21.25,21.5,20.85,21.1,-0.15,198,20.853769894383564,20.220484659701235,19.511340363961576,18.61215478472721,17.823462378792016
2014-01-03,1742,796000,17341900,21.0,22.55,21.0,22.55,1.45,289,21.419179929589042,20.64403290339192,19.77557163666057,18.72970240309356,17.85913436083887
2014-01-06,1742,1415000,33498150,23.7,24.1,23.1,23.55,1.0,618,22.129453286392696,21.17239055732066,20.103782798690084,18.87359188359823,17.902084290191027
2014-01-07,1742,1024000,24559000,23.05,24.4,23.05,23.9,0.35,432,22.719635524261797,21.668319546898722,20.433888642282252,19.023633916923657,17.947351578566945
2014-01-08,1742,469000,11325500,23.9,24.4,23.9,24.1,0.2,227,23.17975701617453,22.11044326564441,20.752680934257707,19.175167232836383,17.993786660992853
2014-01-09,1742,672000,15950550,24.1,24.3,23.45,23.55,-0.55,251,23.303171344116354,22.37218085370906,20.99592607040921,19.30575925573679,18.035720346570265
2014-01-10,1742,374000,8759900,23.55,23.6,23.25,23.25,-0.3,147,23.285447562744235,22.53178433485287,21.19193249906928,19.423497785416288,18.075073400558413
2014-01-13,1742,229000,5316750,23.0,23.45,23.0,23.3,0.05,96,23.290298375162823,22.671459910334164,21.375242716541518,19.53921426943371,18.114506808856085
2014-01-14,1742,291000,6670150,23.3,23.3,22.75,22.75,-0.55,124,23.110198916775214,22.685739926637044,21.4947868281466,19.635058619599867,18.14949166312887
2014-01-15,1742,199000,4572350,22.9,23.2,22.9,23.0,0.25,95,23.07346594451681,22.742878121793947,21.6256749300469,19.735504630955095,18.186099273218463
2014-01-16,1742,143000,3251500,23.0,23.0,22.65,22.7,-0.3,76,22.948977296344538,22.735082099649592,21.71909450134717,19.823997030031062,18.220166448514927
2014-01-17,1742,697000,16680100,22.6,24.25,22.6,23.4,0.7,286,23.099318197563026,22.855976263349667,21.865260196882197,19.93074338734357,18.25925953192236
2014-01-20,1742,366000,8280950,23.0,23.0,22.0,22.7,-0.7,147,22.966212131708684,22.827616942740637,21.937846266718527,20.013407763840775,18.292774554322946
2014-01-21,1742,292000,6663950,22.3,23.2,22.3,22.9,0.2,85,22.944141421139122,22.840777498605974,22.021511808743004,20.09957469626344,18.327546067120508
2014-01-22,1742,243000,5569350,22.85,23.0,22.85,22.85,-0.05,97,22.912760947426083,22.842454317041252,22.093554260156655,20.18167694413617,18.361677794915824
2014-01-23,1742,148000,3369150,22.85,22.9,22.55,22.9,0.05,41,22.908507298284054,22.852917168488297,22.16367997666477,20.262820915953004,18.39592928325608
2014-01-24,1742,157000,3654300,22.7,24.0,22.7,22.75,-0.15,86,22.85567153218937,22.83420495603588,22.21466432652001,20.3370650677156,18.428790194325845
2014-01-27,1742,351000,7803250,22.2,22.6,22.05,22.2,-0.55,134,22.637114354792914,22.718894964029356,22.21338916769218,20.392675065694238,18.457252155123385
2014-02-05,1742,286000,6177900,21.3,21.85,21.3,21.4,-0.8,114,22.224742903195274,22.47909587966038,22.142659674849384,20.422744466718292,18.47946157282057
2014-02-06,1742,228000,4899450,21.2,21.7,21.2,21.45,0.05,82,21.966495268796848,22.29198753790395,22.082428398775523,20.45340881099536,18.501880730761545
2014-02-07,1742,145000,3120050,21.5,21.9,21.4,21.4,-0.05,54,21.77766351253123,22.129807985557775,22.023086798881998,20.481665264398483,18.52375332901995
2014-02-10,1742,1157000,26274300,21.65,22.85,21.65,22.1,0.7,336,21.885109008354153,22.12438835182,22.02977490332704,20.529973763968677,18.550743869933008
2014-02-11,1742,460000,9918700,20.65,21.9,20.65,21.9,-0.2,254,21.8900726722361,22.08359046967091,22.01849012912469,20.57087006952185,18.57602127468823
2014-02-12,1742,282000,6380000,21.9,23.25,21.9,22.7,0.8,155,22.1600484481574,22.195664929730743,22.07775185702689,20.634426186849556,18.60714564242643
2014-02-13,1742,137000,3090800,23.6,23.6,22.0,23.0,0.3,80,22.4400322987716,22.341907669779697,22.157947347720203,20.705040330525687,18.64029926021944
2014-02-14,1742,155000,3507600,23.0,23.0,22.4,22.45,-0.55,62,22.443354865847734,22.361560820728844,22.183343230527143,20.757128678868202,18.66905171863288
2014-02-17,1742,183000,4046550,22.45,22.45,21.9,22.2,-0.25,63,22.362236577231823,22.33218612605087,22.184791645263914,20.80019946457363,18.695700384907347
2014-02-18,1742,72000,1588850,22.2,22.25,21.95,22.2,0.0,33,22.308157718154547,22.30815228495071,22.18611411089314,20.841984555183373,18.7221479291722
2014-02-19,1742,144000,3178850,22.1,22.2,22.0,22.2,0.0,51,22.272105145436363,22.288488233141493,22.187321579511128,20.88252232965551,18.74839586932939
2014-02-20,1742,51000,1132900,22.3,22.5,22.0,22.25,0.05,31,22.264736763624242,22.281490372570314,22.192771876944942,20.92334255862102,18.774823070315584
2014-02-21,1742,135000,2953800,22.35,22.35,21.75,21.75,-0.5,61,22.09315784241616,22.18485575937571,22.154269974601903,20.94801890015472,18.797277235822637
2014-02-24,1742,233000,5108200,21.8,22.05,21.7,21.7,-0.05,72,21.96210522827744,22.096700166761945,22.114768237679996,20.97046609716503,18.81918457743907
2014-02-25,1742,80000,1730450,21.5,21.8,21.5,21.75,0.05,37,21.891403485518293,22.033663772805227,22.08304926049043,20.993735765906372,18.841303939118777
2014-02-26,1742,94000,2065450,21.75,22.2,21.75,21.8,0.05,46,21.860935657012195,21.991179450477002,22.05843628131735,21.017803354983794,18.863633720710332
2014-02-27,1742,200000,4448700,22.2,22.5,22.0,22.45,0.65,70,22.05729043800813,22.074601368572093,22.09248530033323,21.060555493640994,18.890700636025727
2014-03-03,1742,129000,2848200,22.4,22.45,21.95,22.15,-0.3,65,22.088193625338754,22.088310210649894,22.097486578565125,21.093076225174098,18.91529912179157
2014-03-04,1742,81000,1775650,22.05,22.05,21.85,21.95,-0.2,38,22.042129083559168,22.06316289962264,22.084661658689896,21.118656039348007,18.938202524645973
2014-03-05,1742,94000,2087200,22.2,22.5,22.1,22.2,0.25,61,22.094752722372778,22.088042372418524,22.09469107967338,21.150934963546575,18.962819864082608
2014-03-06,1742,99000,2208900,22.5,22.5,22.2,22.3,0.1,52,22.163168481581852,22.126580122887884,22.112544029267,21.185235412395933,18.988006129259343
2014-03-07,1742,144000,3183550,22.45,22.5,21.9,22.0,-0.3,76,22.108778987721234,22.103565555090086,22.102757591939433,21.209556743369188,19.01073815847248
2014-03-10,1742,175000,3819050,21.8,22.0,21.6,21.95,-0.05,45,22.055852658480823,22.075644545073708,22.089474323075134,21.231659527149212,19.032921266710424
2014-03-11,1742,112000,2432050,22.0,22.0,21.6,21.65,-0.3,51,21.920568438987214,21.998254627787578,22.05125916454686,21.24414730245819,19.052672804320157
2014-03-12,1742,178000,3895300,21.65,22.0,21.65,21.7,0.05,62,21.847045625991477,21.94402651364438,22.020714889368872,21.257754845668394,19.07265263221208
2014-03-13,1742,169000,3741850,21.7,22.5,21.7,22.0,0.3,66,21.89803041732765,21.954203511163584,22.018913594641145,21.279911417439486,19.094745819893497
2014-03-14,1742,80000,1762350,21.55,22.5,21.55,22.1,0.1,51,21.965353611551766,21.980711963679298,22.02596458641148,21.304391673635322,19.117426983516943
2014-03-17,1742,136000,2992700,22.0,22.2,21.95,22.2,0.1,24,22.043569074367845,22.02058251573761,22.041098100636567,21.331126250541733,19.140691685528136
2014-03-18,1742,57000,1260950,22.3,22.3,22.0,22.05,-0.15,29,22.04571271624523,22.025931149239863,22.041872178842084,21.352585168436008,19.162648729410943
2014-03-19,1742,86000,1892900,22.2,22.2,21.9,22.0,-0.05,34,22.030475144163486,22.021216394832614,22.038231119812338,21.37191098430359,19.184062701264445
2014-03-20,1742,115000,2511850,21.8,21.95,21.7,21.9,-0.1,44,21.986983429442322,21.99917705031759,22.02621102243735,21.387674835518407,19.2045603412549
2014-03-21,1742,115000,2481750,21.75,21.75,21.4,21.4,-0.5,53,21.791322286294882,21.890235768441666,21.971757890051496,21.388042750876068,19.221129697169957
2014-03-24,1742,221000,4504850,19.95,20.7,19.95,20.5,-0.9,95,21.36088152419659,21.637465628725,21.843778943090495,21.361534012043947,19.23078154851207
2014-03-25,1742,121000,2544450,20.3,21.45,20.3,21.45,0.95,54,21.390587682797726,21.603380968956817,21.809537295865233,21.36417478780383,19.247530367013866
2014-03-26,1742,93000,2022750,21.5,21.9,21.5,21.8,0.35,35,21.527058455198485,21.63912988369194,21.808707965789996,21.37718449563058,19.266794288772253
2014-03-27,1742,73000,1604400,21.6,22.5,21.6,21.8,0.0,45,21.618038970132325,21.66837899574795,21.807950751373475,21.389805853969964,19.285912822441897
2014-03-28,1742,73000,1597000,21.5,22.1,21.5,21.75,-0.05,45,21.662025980088217,21.683219178339233,21.80291155560187,21.40055791803056,19.304509706800825
2014-03-31,1742,61000,1334300,21.9,21.9,21.8,21.8,0.05,31,21.70801732005881,21.704452055004825,21.80265837685388,21.412481562268454,19.3233435958061
2014-04-01,1742,187000,4065100,21.85,22.0,21.55,21.55,-0.25,64,21.65534488003921,21.676369863185766,21.780688083214415,21.41658659026044,19.340148549800016
2014-04-02,1742,201000,4401300,21.55,22.2,21.55,22.1,0.55,75,21.803563253359474,21.753393524424716,21.808454336847944,21.436986990551173,19.360977617348695
2014-04-03,1742,154000,3402550,22.1,22.25,21.9,21.9,-0.2,69,21.835708835572984,21.780049247256585,21.816414829295947,21.450808274415316,19.380140050425307
2014-04-07,1742,128000,2799600,21.9,22.1,21.65,21.9,0.0,43,21.857139223715322,21.801858475028116,21.823683105009344,21.464216982641723,19.399157861365495
2014-04-08,1742,73000,1603000,22.0,22.0,21.9,21.95,0.05,31,21.888092815810214,21.828793297750277,21.834667182834618,21.47871796823451,19.418409500147643
2014-04-09,1742,1166000,27229750,22.1,23.45,22.1,23.45,1.5,367,22.408728543873476,22.12355815270477,21.97513090606639,21.537562207988703,19.448836598259735
2014-04-10,1742,1241000,30150250,23.5,25.0,23.25,24.75,1.3,509,23.189152362582316,22.601093034031177,22.21642387075627,21.633455873421877,19.48884537865023
2014-04-11,1742,1296000,32760150,24.75,25.7,24.75,25.15,0.4,534,23.842768241721544,23.064530664207325,22.471517447212246,21.738427339886897,19.5315710739057
2014-04-14,1742,1851000,49180900,25.3,26.9,25.3,26.9,1.75,608,24.861845494481027,23.761888725260537,22.856602886585094,21.892504135711167,19.58718185825358
2014-04-15,1742,839000,22491500,26.9,27.4,26.0,27.2,0.3,345,25.641230329654018,24.386999866122256,23.234289592099433,22.050936848078,19.64463708951204
2014-04-16,1742,795000,21987550,27.2,28.9,26.85,27.2,0.0,342,26.160820219769345,24.89845443591821,23.579133975395134,22.204640225747312,19.70165869638365
2014-04-17,1742,1083000,29461750,27.55,27.7,26.65,26.65,-0.55,403,26.323880146512895,25.216917265751263,23.846165803621645,22.33733753244142,19.754099008109055
2014-04-18,1742,800000,21719600,26.7,27.5,26.7,27.5,0.85,329,26.715920097675262,25.632023217432852,24.163890516350197,22.49144685983123,19.812558638236535
2014-04-21,1742,1952000,56655100,27.6,29.4,27.6,29.4,1.9,797,27.610613398450173,26.317109905172334,24.619204384493656,22.697672326701937,19.884916686249845
2014-04-22,1742,2295000,67967100,29.9,30.7,28.8,30.55,1.15,862,28.590408932300114,27.08672628605009,25.134925742363773,22.93207016769591,19.9654078810706
2014-04-23,1742,2390000,72636300,30.8,31.65,29.2,29.35,-1.2,1048,28.843605954866742,27.49823059767735,25.501453938679965,23.123650162690062,20.036234991402143
2014-04-24,1742,1125000,32972200,29.4,29.8,28.8,29.8,0.45,543,29.16240396991116,27.916734125372376,25.875240552707794,23.32294418768439,20.109923783919864
2014-04-25,1742,924000,27038350,29.7,30.05,28.4,29.4,-0.4,414,29.24160264660744,28.186418829850126,26.181741374211462,23.504348838798286,20.180037566682735
2014-04-28,1742,730000,20058650,27.35,27.8,27.35,27.35,-2.05,280,28.611068431071626,28.034342678968287,26.28332908080177,23.619144395849084,20.23415049070777
2014-04-29,1742,2020000,53304250,26.0,27.4,25.45,27.35,0.0,809,28.190712287381086,27.90991673733769,26.37608307377553,23.730513219853588,20.2878550153062
2014-04-30,1742,493000,13270100,27.35,27.35,26.5,26.6,-0.75,228,27.66047485825406,27.671750057821747,26.39555411083853,23.816169541649003,20.33549384537936
2014-05-02,1742,765000,20577600,26.3,27.3,26.3,27.0,0.4,304,27.440316572169372,27.549613683672337,26.448114622939524,23.91120925682366,20.385792005036876
2014-05-05,1742,294000,8053000,27.5,27.8,27.1,27.25,0.25,119,27.37687771477958,27.495138468459185,26.517843786162175,24.010874652142356,20.437597348395087
2014-05-06,1742,173000,4738200,27.4,27.6,27.1,27.5,0.25,93,27.41791847651972,27.49602238328479,26.603248674321986,24.115027647600794,20.490898500482672
2014-05-07,1742,625000,18067050,27.5,29.4,27.5,29.4,1.9,278,28.078612317679813,27.842200131778462,26.84644444177225,24.272788016329127,20.55813700236582
2014-05-08,1742,2249000,69296600,30.0,31.45,29.8,31.45,2.05,971,29.20240821178654,28.498163744182378,27.246753620748574,24.48703315017005,20.640339741970607
2014-05-09,1742,1445000,44740700,31.7,32.15,30.1,30.1,-1.35,604,29.50160547452436,28.789406699785584,27.494862001553045,24.654584399418706,20.711733404295355
2014-05-12,1742,604000,17980950,30.1,30.45,29.0,30.3,0.2,288,29.767736983016242,29.064060027097295,27.73878704489626,24.823104268092774,20.784097680489353
2014-05-13,1742,361000,10867050,30.9,30.9,29.4,29.6,-0.7,186,29.711824655344163,29.16150365853415,27.900631649687888,24.965698170537767,20.850632792334718
2014-05-14,1742,321000,9463250,29.8,30.3,28.6,30.3,0.7,184,29.907883103562774,29.368502993346123,28.109272375801986,25.124931060969477,20.921948771260492
2014-05-15,1742,2036000,65150850,31.2,32.4,30.8,32.4,2.1,848,30.738588735708515,29.91968426728319,28.482379125732248,25.342097297955462,21.008575572986828
2014-05-16,1742,1974000,65121650,32.0,33.85,31.7,33.0,0.6,977,31.492392490472344,30.4797416732317,28.875215723494662,25.570691408464253,21.099076889417116
2014-05-19,1742,1880000,65146900,33.4,35.1,33.4,34.85,1.85,801,32.61159499364823,31.274334096280484,29.394762182321212,25.847685694778754,21.2028574411951
2014-05-20,1742,1554000,53896250,35.0,35.3,34.0,34.25,-0.6,653,33.157729995765486,31.815364260593125,29.816956775162847,26.098501047173418,21.30132644163891
2014-05-21,1742,1671000,58711500,34.45,35.65,34.3,35.3,1.05,724,33.87181999717699,32.44893439503074,30.29374314253999,26.373172657705556,21.406976808117108
2014-05-22,1742,939000,32533150,35.4,35.4,34.0,34.9,-0.4,420,34.21454666478466,32.894582686843336,30.69428721710173,26.627704817177033,21.508810945414336
2014-05-23,1742,794000,27451200,35.0,35.15,34.1,34.1,-0.8,346,34.176364443189776,33.11374947105364,30.99043615474506,26.850758404723987,21.603838787335736
2014-05-26,1742,587000,19775100,34.1,34.1,33.5,33.65,-0.45,266,34.00090962879318,33.2112495672257,31.221702576071575,27.05372084040387,21.69475321158226
2014-05-27,1742,1502000,52315700,33.6,35.2,33.5,35.0,1.35,614,34.333939752528785,33.53647691863921,31.550250178152307,27.290923203376888,21.795170168475977
2014-05-28,1742,1192000,41911150,35.1,35.75,34.1,35.1,0.1,562,34.589293168352526,33.82075384252299,31.85892407570428,27.52402997342534,21.895583978525213
2014-05-29,1742,399000,13779900,35.1,35.1,34.2,34.3,-0.8,207,34.49286211223502,33.90788950751881,32.07119154738217,27.726297735412643,21.989202212649552
2014-05-30,1742,946000,31598750,34.5,34.5,32.65,33.0,-1.3,461,33.99524140815668,33.74281868796994,32.15195749978372,27.88372168360928,22.0723025733088
2014-06-03,1742,637000,21151450,33.2,33.55,32.65,32.8,-0.2,253,33.59682760543779,33.57139710833904,32.20830902154166,28.03047626021796,22.153266327472508
2014-06-04,1742,552000,18407250,32.9,33.6,32.9,33.0,0.2,255,33.397885070291856,33.46750672500467,32.27715171532064,28.178820252450258,22.235128468397242
2014-06-05,1742,825000,27630350,33.15,33.8,33.0,33.45,0.45,280,33.4152567135279,33.46432368409473,32.379138522684066,28.33616890163085,22.319769008258394
2014-06-06,1742,985000,33605850,33.5,34.6,33.5,34.05,0.6,432,33.6268378090186,33.5708102869866,32.52443082505936,28.506731023970225,22.408299053479084
2014-06-09,1742,1164000,39542300,34.2,34.75,33.1,34.35,0.3,459,33.86789187267907,33.712481143898124,32.68317597070637,28.681156963553203,22.49842509835849
2014-06-10,1742,816000,28351300,34.5,35.0,34.2,34.7,0.35,345,34.14526124845271,33.892030026825736,32.85855197325365,28.860823919865048,22.590512456106726
2014-06-11,1742,828000,29010500,35.0,35.3,34.85,34.85,0.15,328,34.38017416563514,34.06620638558469,33.031721366883765,29.039605295391464,22.68303689040026
2014-06-12,1742,545000,19039850,34.85,35.25,34.7,34.95,0.1,247,34.57011611042343,34.226896133660205,33.198528204546044,29.216034988066347,22.775617744057616
2014-06-13,1742,502000,17346000,35.0,35.0,34.1,34.5,-0.45,244,34.54674407361562,34.27655138208562,33.3116996650203,29.373765286930038,22.86410364787605
2014-06-16,1742,464000,16161900,34.6,34.95,34.6,34.85,0.35,171,34.647829382410414,34.38081476716096,33.44546491154027,29.537234979857498,22.95456324298642
2014-06-17,1742,1896000,69002400,34.95,37.25,34.95,37.25,2.4,817,35.51521958827361,34.902484809495334,33.7762940496672,29.767466771503543,23.062453331718597
2014-06-18,1742,1990000,75708950,38.0,38.8,37.0,37.7,0.45,1043,36.24347972551574,35.41112393504164,34.11748587143527,30.004258808175077,23.17292538204525
2014-06-19,1742,2200000,86866650,37.7,40.2,37.7,39.55,1.85,993,37.34565315034383,36.163646855943156,34.58987840435394,30.28920630643851,23.296525945199626
2014-06-20,1742,1384000,53936100,39.55,39.55,38.65,38.9,-0.65,541,37.86376876689589,36.66116560940804,34.96467158658403,30.546244924156763,23.414288013537742
2014-06-23,1742,2483000,99665400,39.0,41.3,39.0,39.5,0.6,1069,38.40917917793059,37.1773173167884,35.359047970359335,30.813521195077456,23.535689613435572
2014-06-24,1742,832000,32848350,39.5,40.4,38.6,39.6,0.1,383,38.80611945195373,37.617805077372324,35.72782640771939,31.07580414447813,23.656929691824736
2014-06-25,1742,450000,17773250,39.6,39.9,39.3,39.3,-0.3,216,38.97074630130248,37.923658699668266,36.038450198352486,31.32130252822505,23.774990599810966
2014-06-26,1742,750000,29640750,39.35,40.2,39.05,39.3,0.0,367,39.080497534201655,38.17390257245585,36.322063224582706,31.55947260200938,23.892160482076545
2014-06-27,1742,483000,18857700,39.3,39.4,38.8,38.85,-0.45,229,39.0036650228011,38.29682937746388,36.54188381374943,31.777100285531485,24.005049836928798
2014-06-30,1742,1158000,45512450,38.9,40.0,38.65,38.85,0.0,483,38.95244334853407,38.39740585428863,36.74258956907556,31.98823162029174,24.11708719665009
2014-07-01,1742,1194000,45770950,38.9,39.1,37.8,38.1,-0.75,518,38.66829556568938,38.343332062599785,36.860625258721164,32.17067246744721,24.222618614033863
2014-07-02,1742,1165000,43884700,38.2,38.3,36.5,37.2,-0.9,426,38.17886371045959,38.13545350576346,36.89013610578889,32.32080164752342,24.320561115060023
2014-07-03,1742,876000,33155550,37.0,38.65,37.0,37.45,0.25,336,37.93590914030639,38.010825595624645,36.938819922676814,32.47391204610481,24.419651219852025
2014-07-04,1742,547000,20490650,37.45,37.65,37.2,37.55,0.1,212,37.80727276020426,37.92703912369289,36.99196601635709,32.62543705965392,24.518748191777668
2014-07-07,1742,724000,26810900,37.55,37.65,36.5,36.5,-1.05,281,37.37151517346951,37.66757746483964,36.94918636276082,32.74109565488813,24.609172733726517
2014-07-08,1742,908000,32592000,36.5,36.65,35.0,35.5,-1.0,426,36.74767678231301,37.27347247123243,36.82317015730336,32.823451008473555,24.691367656490844
2014-07-09,1742,721000,25170350,35.5,35.5,34.55,34.55,-0.95,342,36.015117854875335,36.77829565828108,36.625503187103064,32.874989784340016,24.765772428894685
2014-07-10,1742,952000,32575950,34.65,34.8,33.5,34.0,-0.55,431,35.34341190325022,36.27315099313907,36.39719856213758,32.90857217883733,24.835464712450197
2014-07-11,1742,1278000,41676850,34.15,34.15,31.65,31.65,-2.35,448,34.11227460216681,35.4325780852956,35.9843986871691,32.87100286006607,24.88689516745057
2014-07-14,1742,635000,19703250,30.7,31.5,30.7,31.2,-0.45,287,33.14151640144454,34.66301843342367,35.56836401871961,32.82112217767604,24.934541241658494
2014-07-15,1742,811000,25880350,31.3,32.6,30.95,32.6,1.4,388,32.96101093429636,34.28792417280119,35.31024540839617,32.814521515655855,24.992393760589373
2014-07-16,1742,560000,17870850,32.4,32.4,31.5,31.95,-0.65,224,32.62400728953091,33.862847050473704,35.018050155492155,32.78871490324822,25.04490399635851
2014-07-17,1742,437000,14097950,31.9,32.75,31.9,32.3,0.35,188,32.51600485968727,33.57869304129667,34.781697968058054,32.774126398673644,25.099659437895426
2014-07-18,1742,265000,8451900,31.9,32.05,31.5,31.9,-0.4,113,32.31066990645818,33.273476124697275,34.53111553605301,32.7480330733401,25.15098276289244
2014-07-21,1742,202000,6453900,31.9,32.1,31.7,31.9,0.0,94,32.173779937638784,33.02375319293414,34.30232288074405,32.7227186532404,25.201918742040423
2014-07-22,1742,288000,9201900,31.9,32.2,31.7,32.2,0.3,115,32.18251995842586,32.87397988512793,34.11951219546196,32.70711511135263,25.254734449647664
2014-07-24,1742,304000,9613950,32.0,32.1,31.1,31.4,-0.8,154,31.921679972283904,32.605983542377395,33.88303287411744,32.66809674981971,25.30111381229183
2014-07-25,1742,229000,7237500,31.4,32.1,31.4,31.5,0.1,124,31.781119981522604,32.4048956255815,33.67581262419419,32.6332281901236,25.347897858991516
2014-07-28,1742,310000,9735550,31.6,31.8,31.15,31.15,-0.35,132,31.5707466543484,32.17673278456668,33.456176743829474,32.58895272176171,25.391687309112335
2014-07-29,1742,803000,23925450,31.15,31.35,29.0,29.05,-2.1,331,30.730497769565602,31.608235914645466,33.073030940018214,32.48331234200763,25.419297216213373
2014-07-30,1742,223000,6524000,29.05,29.5,29.0,29.25,0.2,126,30.236998513043734,31.17946574834629,32.74059346697315,32.38679555567904,25.44820818061931
2014-07-31,1742,400000,11433300,29.25,29.25,28.1,28.85,-0.4,181,29.77466567536249,30.755926521374235,32.402280991584185,32.281219568942355,25.47388208114294
2014-08-01,1742,223000,6349900,28.05,28.7,28.05,28.5,-0.35,104,29.349777116908324,30.345758062942554,32.0629522097073,32.168347343003774,25.496720706945634
2014-08-04,1742,168000,4818500,28.5,28.9,28.5,28.9,0.4,92,29.199851411272217,30.082892960589362,31.787912887124055,32.07078473574993,25.522405833685667
2014-08-05,1742,202000,5752350,28.85,28.85,28.35,28.4,-0.5,99,28.933234274181476,29.776912422300388,31.493311766504572,31.9612090719962,25.544123525506908
2014-08-06,1742,368000,9989550,28.4,28.4,26.5,26.8,-1.6,168,28.22215618278765,29.235655618245772,31.085197699852,31.807143129548553,25.55360183852195
2014-08-07,1742,302000,8312850,26.5,28.6,26.5,27.8,1.0,177,28.081437455191768,28.97462732401927,30.799528334647476,31.68752691672621,25.570555786910464
2014-08-08,1742,209000,5729650,27.65,27.75,27.25,27.45,-0.35,104,27.87095830346118,28.697422356015768,30.50826500119987,31.561033575928413,25.584740271537555
2014-08-11,1742,161000,4480250,27.45,28.1,27.45,28.1,0.65,94,27.947305535640787,28.588800109467446,30.298850653269447,31.45771914082607,25.60372336382784
2014-08-12,1742,147000,4111700,28.1,28.2,27.8,28.2,0.1,92,28.031537023760524,28.518109180473363,30.116341900811236,31.360473793338727,25.623317904478196
2014-08-13,1742,557000,16545000,28.2,30.15,28.2,30.15,1.95,267,28.737691349173684,28.81481660220548,30.11926869204504,31.324340247268914,25.657481542934963
2014-08-14,1742,738000,22422650,30.05,31.4,29.65,31.0,0.85,404,29.491794232782457,29.212122674531756,30.19585402317156,31.314658448842977,25.69780243695055
2014-08-15,1742,556000,17643250,30.9,32.6,30.9,31.2,0.2,342,30.061196155188306,29.573554915525982,30.283171064634903,31.311235808579006,25.73932845629432
2014-08-18,1742,516000,15543550,31.2,31.2,29.2,29.3,-1.9,231,29.80746410345887,29.523817658157622,30.197677928579694,31.25119891877068,25.766201449077005
2014-08-19,1742,202000,6013250,29.3,30.05,29.3,29.6,0.3,133,29.738309402305912,29.537668993038054,30.145705934790154,31.201909398807377,25.795135777763218
2014-08-20,1742,173000,5103200,29.7,29.8,29.05,29.3,-0.3,105,29.59220626820394,29.494456448849316,30.072166288286663,31.145135983917605,25.82158758321406
2014-08-21,1742,518000,15738650,30.45,30.7,30.05,30.55,1.25,311,29.911470845469296,29.68637345814944,30.113717045826952,31.127370730666332,25.857273714661503
2014-08-22,1742,302000,9125500,30.7,30.7,29.85,30.1,-0.45,150,29.97431389697953,29.76157828394045,30.112524259233304,31.096702947661367,25.889294290399906
2014-08-25,1742,128000,3827600,30.15,30.2,29.65,29.75,-0.35,71,29.899542597986354,29.759473141405824,30.08100041060432,31.056502859671475,25.918431691981795
2014-08-26,1742,162000,4824800,29.75,29.95,29.5,29.6,-0.15,97,29.799695065324237,29.730478024786585,30.039174287943077,31.01302516236785,25.946217113174384
2014-08-27,1742,73000,2170300,29.8,29.95,29.5,29.5,-0.1,43,29.69979671021616,29.688572929370842,29.992289567252374,30.967860232147913,25.97303811609382
2014-08-28,1742,257000,7632800,29.55,29.95,29.4,29.6,0.1,115,29.666531140144105,29.672468760394327,29.95817743096956,30.92702858342708,26.00041141333085
2014-08-29,1742,85000,2509700,29.6,29.65,29.45,29.5,-0.1,46,29.61102076009607,29.641110803958995,29.918335915233076,30.88443071526508,26.0268234026642
2014-09-01,1742,127000,3738600,29.5,29.55,29.35,29.35,-0.15,59,29.524013840064047,29.58818156687554,29.86891540086498,30.838626813316868,26.0519039807573
2014-09-02,1742,260000,7431450,29.35,29.35,28.0,28.85,-0.5,147,29.2993425600427,29.453966736534532,29.780314061659332,30.779264818889498,26.073021686562903
2014-09-03,1742,93000,2690300,28.85,29.0,28.8,29.0,0.15,43,29.199561706695132,29.37142732989189,29.712460664993305,30.72615243623608,26.095112088928467
2014-09-04,1742,105000,3002750,29.0,29.05,28.3,28.5,-0.5,49,28.966374471130088,29.212985997184273,29.607029302819974,30.659700124706646,26.113262186370516
2014-09-05,1742,180000,5023450,28.2,28.25,27.5,28.2,-0.3,114,28.710916314086724,29.028806724968952,29.484678928661715,30.586276240387043,26.12901115100168
2014-09-09,1742,127000,3531800,28.05,28.2,27.55,27.55,-0.65,69,28.32394420939115,28.759932774974597,29.316445978343307,30.4956411287337,26.139735595145066
2014-09-10,1742,229000,6257450,27.0,27.85,27.0,27.8,0.25,103,28.1492961395941,28.585399543161035,29.18458111066128,30.415174229368514,26.152265892540196
2014-09-11,1742,105000,2907700,27.8,27.9,27.4,27.4,-0.4,58,27.899530759729398,28.369872353495392,29.02940014451682,30.325169028491842,26.161682753728574
2014-09-12,1742,242000,6519150,27.0,27.2,26.8,26.9,-0.5,121,27.566353839819598,28.102622834678048,28.844234914558836,30.22292517689507,26.16725495936081
2014-09-15,1742,121000,3225200,26.7,26.9,26.5,26.6,-0.3,64,27.244235893213066,27.8294186829184,28.649084052423284,30.114778156689248,26.17052095966752
2014-09-16,1742,160000,4185300,26.45,26.5,25.9,26.0,-0.6,89,26.829490595475377,27.496797104205964,28.418728917429956,29.991948957982107,26.16923400902852
2014-09-17,1742,207000,5395100,26.0,26.25,25.5,26.1,0.1,108,26.586327063650252,27.242833994350335,28.21710031591431,29.87577137714682,26.168711488205666
2014-09-18,1742,256000,6590900,25.8,26.1,25.4,26.1,0.0,119,26.424218042433502,27.035045995377548,28.033004636269585,29.763061783799152,26.168192910936188
2014-09-19,1742,279000,7225450,26.1,26.15,25.4,25.95,-0.15,101,26.266145361622335,26.8377649053089,27.8518737983331,29.649239043984252,26.166546171985726
2014-09-22,1742,308000,8125400,25.5,26.8,25.5,26.55,0.6,132,26.36076357441489,26.785444013434557,27.738667381086742,29.556724445656364,26.16944016314055
2014-09-23,1742,200000,5279850,26.55,26.75,26.2,26.3,-0.25,78,26.340509049609928,26.697181465537366,27.613565869687896,29.459508790562143,26.170425520399867
2014-09-24,1742,161000,4237400,26.2,26.45,26.2,26.3,0.0,53,26.327006033073285,26.62496665362148,27.4993427505846,29.365195095321482,26.171403441000624
2014-09-25,1742,210000,5512050,26.3,26.35,26.1,26.3,0.0,64,26.318004022048857,26.565881807508486,27.395052076620722,29.27369673426711,26.172373981068542
2014-09-26,1742,127000,3346600,26.0,26.5,26.0,26.35,0.05,70,26.328669348032573,26.52663056977967,27.30417798300153,29.186422204886,26.173714554796327
2014-09-29,1742,501000,13625500,26.35,28.1,26.35,27.7,1.35,206,26.78577956535505,26.739970466183365,27.338597288827483,29.14205139279985,26.185233690231826
2014-09-30,1742,188000,5115950,27.7,27.7,27.0,27.2,-0.5,86,26.923853043570034,26.82361219960457,27.32654535066857,29.08407970943269,26.192892303890453
2014-10-01,1742,320000,8916000,27.0,28.4,27.0,28.0,0.8,163,27.282568695713355,27.03750089058556,27.385106624523477,29.051719121091416,26.206530852540336
2014-10-02,1742,368000,10607550,28.0,29.5,28.0,28.8,0.8,178,27.78837913047557,27.357955274115458,27.508140831086653,29.044205117476746,26.226104204596634
2014-10-03,1742,278000,8018100,28.8,29.25,28.5,28.85,0.05,162,28.14225275365038,27.629236133367193,27.624824237079117,29.038407949790873,26.245907191731753
2014-10-06,1742,156000,4506650,28.9,29.35,28.5,29.35,0.5,77,28.544835169100253,27.942102290936795,27.77483952081137,29.047709205020997,26.269334307265854
2014-10-07,1742,102000,2919550,29.05,29.05,28.5,28.5,-0.85,60,28.5298901127335,28.043538238039197,27.837896953784295,29.031359676512906,26.286169520041206
2014-10-08,1742,152000,4284200,28.35,28.4,28.0,28.3,-0.2,87,28.45326007515567,28.0901676493048,27.878079827368268,29.009528044378193,26.301368240644667
2014-10-09,1742,609000,16935700,28.25,29.05,26.9,27.0,-1.3,239,27.96884005010378,27.8919553494312,27.801725059771027,28.94954213260571,26.306640933168104
2014-10-13,1742,223000,5694050,26.3,26.3,25.15,25.15,-1.85,109,27.029226700069184,27.393418013170983,27.57114027196485,28.836122964468228,26.29791156763476
2014-10-14,1742,89000,2284850,25.15,26.1,25.15,25.95,0.8,49,26.669484466712788,27.13097837441262,27.43017155266356,28.749970040155745,26.295285819954497
2014-10-15,1742,49000,1261900,25.95,26.0,25.5,25.75,-0.2,28,26.362989644475192,26.87989139724669,27.2840696785189,28.660418695673485,26.291170455275594
2014-10-16,1742,92000,2343500,25.5,25.7,25.2,25.6,-0.15,45,26.10865976298346,26.647183870474567,27.13762883690856,28.569062913713083,26.28595407448106
2014-10-17,1742,137000,3436950,25.6,25.75,24.3,24.3,-1.3,72,25.505773175322307,26.220423166751917,26.89087850326434,28.4416281998709,26.27096574184347
2014-10-20,1742,116000,2957050,25.5,26.0,24.5,26.0,1.7,58,25.67051545021487,26.18034622734248,26.81341080732831,28.368743775994158,26.268920717376727
2014-10-21,1742,73000,1891650,26.0,26.0,25.6,26.0,0.0,41,25.78034363347658,26.1475560041893,26.742679432778022,28.298035006561495,26.2668911270569
2014-10-22,1742,61000,1604500,26.5,26.5,26.1,26.35,0.35,34,25.970229088984386,26.18436400342761,26.70853339514515,28.239884707858167,26.26751836383383
2014-10-23,1742,30000,791050,26.45,26.5,26.05,26.5,0.15,18,26.14681939265626,26.24175236644077,26.690400056436875,28.187947850907175,26.269272942219988
2014-10-24,1742,28000,726800,26.35,26.35,25.45,26.1,-0.4,15,26.131212928437506,26.215979208906084,26.63906092109454,28.125621049387558,26.267995410580593
2014-10-27,1742,111000,2776550,25.85,25.85,24.5,24.75,-1.35,60,25.670808618958336,25.949437534559525,26.47479475404284,28.02485624194315,26.256538841444137
2014-10-28,1742,89000,2203950,25.2,25.75,24.5,25.35,0.6,66,25.56387241263889,25.840448891912338,26.376986514560855,27.945009786959773,26.2496970388672
2014-10-29,1742,76000,1956150,25.4,26.1,25.4,26.0,0.65,49,25.709248275092595,25.86945818429191,26.344205078512086,27.886949793319182,26.247812532913485
2014-10-30,1742,280000,7299200,26.0,26.65,25.95,26.2,0.2,64,25.87283218339506,25.929556696238837,26.33166550646756,27.83659308307085,26.247451683608478
2014-10-31,1742,42000,1077450,26.2,26.2,25.4,25.75,-0.45,31,25.831888122263376,25.896910024195414,26.28108589720951,27.774306722382168,26.243697331279357
2014-11-03,1742,28000,722300,25.7,26.0,25.65,25.65,-0.1,24,25.771258748175583,25.85201729252352,26.226208862669555,27.710894581415534,26.239216596703663
2014-11-04,1742,61000,1567350,25.55,26.0,25.4,25.85,0.2,32,25.797505832117057,25.851650512064698,26.193495048524376,27.65534548943298,26.236279112954957
2014-11-05,1742,36000,931050,25.85,26.1,25.5,25.8,-0.05,24,25.798337221411373,25.842259509871116,26.159278087783125,27.599962041987222,26.232986440404353
2014-11-06,1742,80000,2037150,25.6,25.65,25.2,25.45,-0.35,33,25.68222481427425,25.770939598985457,26.097601732323724,27.53578407058462,26.22707710877866
2014-11-07,1742,30000,758400,24.8,25.5,24.8,25.5,0.05,27,25.621483209516168,25.721677853715374,26.045636364295575,27.475014396835824,26.22158973437278
2014-11-10,1742,57000,1436900,25.3,25.5,25.1,25.35,-0.15,36,25.530988806344112,25.65410006213076,25.985146245661177,27.411581131258636,26.215011698641664
2014-11-11,1742,77000,1938850,25.2,25.4,24.8,24.8,-0.55,35,25.287325870896076,25.498809141743347,25.882090050386292,27.333623485549424,26.20433236506701
2014-11-12,1742,90000,2202900,24.5,24.8,24.3,24.3,-0.5,53,24.958217247264052,25.280843843244558,25.744517002526614,27.24306756060765,26.189960045330654
2014-11-13,1742,192000,4577950,24.3,24.7,23.4,24.2,-0.1,111,24.705478164842702,25.084326780836456,25.610211176219952,27.15222972297757,26.1749414789508
2014-11-14,1742,135000,3361750,24.3,25.25,24.1,24.8,0.6,80,24.73698544322847,25.032631002502555,25.539758030461694,27.082013910351375,26.16456456212853
2014-11-17,1742,139000,3329700,24.65,24.75,23.5,24.1,-0.7,72,24.524656962152314,24.863061729320272,25.414561679986765,26.99299856974387,26.14898294279171
2014-11-18,1742,95000,2249050,24.1,24.1,23.5,23.6,-0.5,41,24.21643797476821,24.63341414217113,25.256773707814002,26.891715030348532,26.1297453356763
2014-11-19,1742,140000,3256950,23.0,23.7,22.65,23.3,-0.3,72,23.910958649845472,24.390975207230923,25.086619472351916,26.784499656308277,26.108388767105158
2014-11-20,1742,104000,2424300,23.2,23.6,23.1,23.15,-0.15,64,23.65730576656365,24.165343351370755,24.918217779103923,26.676007129254298,26.08606130471191
2014-11-21,1742,53000,1241150,23.5,23.8,23.2,23.4,0.25,39,23.5715371777091,24.02619001475789,24.786198841790537,26.578215871664618,26.065789143921634
2014-11-24,1742,247000,6046100,23.3,25.0,23.3,25.0,1.6,88,24.047691451806067,24.203246375711,24.804790246852228,26.53110495012239,26.057745452269394
2014-11-25,1742,755000,20051800,26.25,26.75,25.65,26.75,1.75,267,24.948460967870712,24.66629248921809,24.97393892103899,26.537639130715753,26.062970014893775
2014-11-26,1742,863000,23050850,26.65,27.5,26.0,26.15,-0.6,421,25.348973978580474,24.93605749117844,25.076205101818207,26.526067813380955,26.06362684497005
2014-11-27,1742,170000,4391800,26.45,26.45,25.55,25.85,-0.3,100,25.515982652386985,25.102228856418723,25.14349161470358,26.505886684623313,26.062014566894803
2014-11-28,1742,205000,5434250,25.65,26.9,25.65,26.9,1.05,104,25.97732176825799,25.429096337069865,25.296231474294576,26.51765126120172,26.06833898525786
2014-12-01,1742,485000,13597750,26.6,28.75,26.5,28.5,1.6,268,26.818214512171995,25.987442457602615,25.57482004174722,26.57682585041958,26.08669114385969
2014-12-02,1742,650000,18555250,29.0,29.0,28.0,29.0,0.5,244,27.545476341447998,26.535180192583958,25.872661777247462,26.649159407123474,26.108678380509804
2014-12-03,1742,916000,27419750,29.0,30.9,29.0,29.75,0.75,391,28.280317560965333,27.11969288484142,26.209821622704204,26.741721812880982,26.13616005310973
2014-12-04,1742,346000,10240250,30.0,30.4,29.0,29.0,-0.75,162,28.52021170731022,27.461566905779343,26.452445829425578,26.809133102048715,26.157773939501354
2014-12-05,1742,186000,5404800,29.0,29.35,28.8,29.0,0.0,92,28.680141138206814,27.74128201381946,26.673972279040743,26.87453211392786,26.179224702222097
2014-12-08,1742,132000,3817050,29.0,29.35,28.6,28.7,-0.3,64,28.686760758804542,27.915594374943197,26.850148602602417,26.929023692616582,26.19824942145061
2014-12-09,1742,358000,10502350,29.7,29.7,28.7,28.7,0.0,176,28.691173839203028,28.05821357949898,27.01100524585438,26.981888657016086,26.217130557892492
2014-12-10,1742,365000,10595800,28.7,29.6,28.5,28.95,0.25,136,28.777449226135353,28.220356565044618,27.179613485345303,27.040638249343964,26.237755987644245
2014-12-11,1742,244000,7029100,28.7,29.2,28.1,28.9,-0.05,116,28.818299484090236,28.34392809867287,27.32921231270658,27.09614158518444,26.257848395284665
2014-12-12,1742,261000,7603200,29.5,29.5,28.95,29.0,0.1,106,28.878866322726825,28.463213898914166,27.474498198558184,27.15297317965655,26.27854387909384
2014-12-15,1742,96000,2778500,29.2,29.2,28.6,29.0,0.0,56,28.919244215151217,28.560811371838863,27.607150529118343,27.208108308622023,26.299083170572377
2014-12-16,1742,267000,7637350,29.0,29.3,28.3,28.35,-0.65,128,28.729496143434144,28.522482031504524,27.671746135281964,27.242194627767635,26.314561788152965
2014-12-17,1742,191000,5418500,28.35,28.7,28.2,28.3,-0.05,64,28.58633076228943,28.482030753049155,27.726376906127012,27.273770907535766,26.329546227487658
2014-12-18,1742,136000,3809400,28.2,28.5,27.6,27.8,-0.5,76,28.32422050819295,28.358025161585672,27.73277891428988,27.289479238654103,26.340643991808506
2014-12-19,1742,108000,2966850,27.9,28.0,27.0,27.35,-0.45,73,27.9994803387953,28.174747859479186,27.699493791308154,27.291285828545025,26.348261773002402
2014-12-22,1742,41000,1134500,27.75,27.8,27.35,27.7,0.35,22,27.899653559196867,28.088430066846605,27.699537809455272,27.30348625157353,26.358463570942007
2014-12-23,1742,172000,4724900,27.7,27.85,27.3,27.7,0.0,55,27.83310237279791,28.01780641832904,27.69957799993742,27.315322482869842,26.36858837418018
2014-12-24,1742,84000,2363900,27.8,28.3,27.6,28.1,0.4,50,27.92206824853194,28.032750705905578,27.734397304290688,27.338745692336413,26.381655631733537
2014-12-25,1742,47000,1311450,28.3,28.35,27.7,27.7,-0.4,33,27.848045499021293,27.97225057755911,27.731406234352367,27.349529403012937,26.39160540055064
2014-12-26,1742,44000,1220850,27.7,27.95,27.6,27.95,0.25,28,27.882030332680863,27.96820501800291,27.750414387886945,27.367453898445387,26.40336686922573
2014-12-27,1742,49000,1360300,27.95,28.15,27.5,27.6,-0.35,36,27.788020221787242,27.90125865109329,27.737334875896774,27.374395573118658,26.412398062665538
2014-12-29,1742,71000,1962800,27.6,28.1,27.3,27.5,-0.1,42,27.692013481191495,27.82830253271269,27.7166970606014,27.378144958995712,26.420606379173723
2014-12-30,1742,32000,882500,27.6,27.9,27.4,27.4,-0.1,25,27.594675654127663,27.750429344946745,27.689158185766498,27.378797348279424,26.427998029142223
2014-12-31,1742,24000,658800,27.4,27.6,27.4,27.5,0.1,18,27.563117102751775,27.70489673677461,27.67270964787376,27.382415337883025,26.43608861005436
2015-01-05,1742,89000,2464500,28.1,28.1,27.3,27.3,-0.2,49,27.475411401834517,27.631279148270135,27.64030011327604,27.379955178543234,26.44260869601621
2015-01-06,1742,63000,1723800,27.3,27.6,27.25,27.5,0.2,37,27.48360760122301,27.60741021222102,27.62810010342595,27.383538606049406,26.45058900774439
2015-01-07,1742,30000,824650,27.5,27.7,27.2,27.5,0.0,19,27.489071734148673,27.587881082726287,27.616960963997606,27.38701506557032,26.458509090704812
2015-01-08,1742,128000,3482900,27.5,27.65,27.0,27.35,-0.15,66,27.44271448943245,27.544629976776054,27.59374696712825,27.385910138239865,26.46523732398251
2015-01-09,1742,81000,2187700,27.4,27.45,26.8,26.8,-0.55,44,27.228476326288302,27.409242708271318,27.524725491725793,27.368420283367033,26.467763834744908
2015-01-12,1742,48000,1285600,26.8,27.15,26.5,26.7,-0.1,38,27.052317550858866,27.280289488585623,27.453010231575725,27.348467439087422,26.469516560520418
2015-01-13,1742,121000,3196750,26.5,26.7,26.2,26.65,-0.05,53,26.918211700572577,27.165691399751875,27.383183254916965,27.327617664786306,26.470878699686303
2015-01-14,1742,139000,3689600,26.45,26.8,26.15,26.25,-0.4,84,26.695474467048385,26.999202054342444,27.28464558057636,27.295449973300148,26.469211690632065
2015-01-15,1742,85000,2218800,26.2,26.2,26.0,26.2,-0.05,52,26.53031631136559,26.853892589916544,27.19032857356972,27.262749974097158,26.467179904287672
2015-01-16,1742,100000,2589900,26.0,26.2,25.6,25.65,-0.55,50,26.236877540910392,26.635003028113537,27.0563869584767,27.2146081838256,26.461012508783615
2015-01-19,1742,79000,2029000,25.9,25.9,25.55,25.55,-0.1,33,26.00791836060693,26.437729750274713,26.92539678817438,27.164918387293493,26.454136942679586
2015-01-20,1742,89000,2278750,25.4,25.75,25.4,25.5,-0.05,33,25.83861224040462,26.267233432042946,26.801449241376606,27.115219330956375,26.44693590914993
2015-01-21,1742,152000,3944200,25.5,26.85,25.4,26.4,0.9,91,26.02574149360308,26.29137280803514,26.766540611691685,27.093869500181558,26.446581675873325
2015-01-22,1742,50000,1318550,26.5,26.6,26.2,26.6,0.2,30,26.217160995735387,26.34748684293784,26.752058819370667,27.07912712704181,26.447739550017676
2015-01-23,1742,138000,3635350,26.5,26.7,25.9,26.4,-0.2,62,26.278107330490258,26.357034689676414,26.72144500899061,27.058854675488323,26.447379251526975
2015-01-26,1742,90000,2345200,26.2,26.4,25.55,26.3,-0.1,69,26.285404886993504,26.346664746098885,26.68479761690447,27.036202297115537,26.446266955289037
2015-01-27,1742,53000,1389750,26.3,26.4,26.0,26.3,0.0,24,26.290269924662336,26.33818024680818,26.65133695456495,27.014226109141937,26.445163053739687
2015-01-28,1742,50000,1322950,26.5,26.6,26.3,26.3,0.0,29,26.293513283108226,26.331238383752147,26.620785915037562,26.992905926779493,26.444067483522783
2015-01-29,1742,21000,549200,26.15,26.3,26.05,26.1,-0.2,16,26.229008855405485,26.28919504125176,26.575500183295166,26.96625201851742,26.441470747798082
2015-01-30,1742,34000,883300,26.1,26.1,25.8,25.8,-0.3,17,26.086005903603656,26.200250488296895,26.50806538474776,26.931438525427346,26.436629459135453
2015-02-02,1742,112000,2839150,25.75,25.75,24.55,25.4,-0.4,59,25.857337269069102,26.05475039951564,26.411711873030562,26.885723942578768,26.42880584057594
2015-02-03,1742,31000,799200,25.8,25.9,25.7,25.7,0.3,18,25.804891512712736,25.99025032687643,26.349823884071384,26.850329198024177,26.42330541913763
2015-02-04,1742,81000,2105100,25.8,26.2,25.75,25.9,0.2,35,25.83659434180849,25.973841176535263,26.31070876371735,26.821961162262262,26.419355944276216
2015-02-05,1742,50000,1305300,26.2,26.2,25.9,26.1,0.2,18,25.924396227872325,25.996779144437944,26.292386262524538,26.800410082791746,26.41694571073451
2015-02-06,1742,10000,260800,26.2,26.2,26.0,26.15,0.05,7,25.999597485248216,26.024637481812864,26.280004848391968,26.780994856439754,26.414931026125192
2015-02-09,1742,9000,234400,26.1,26.1,26.0,26.0,-0.15,8,25.999731656832143,26.02015793966507,26.25565660070571,26.757681577143046,26.41179947121104
2015-02-10,1742,44000,1127900,26.0,26.0,25.15,25.7,-0.3,24,25.89982110455476,25.96194740518051,26.20733863542695,26.726108992750717,26.4064273997302
2015-02-11,1742,90000,2329750,25.7,26.1,25.7,26.1,0.4,41,25.966547403036508,25.98704787696587,26.198004841042,26.707419172071592,26.404114740109595
2015-02-12,1742,44000,1131100,26.0,26.0,25.5,25.95,-0.15,19,25.961031602024338,25.980311899335714,26.17643920269052,26.684809644547066,26.400687459052165
2015-02-13,1742,36000,932150,26.0,26.0,25.8,25.95,0.0,18,25.95735440134956,25.97480064491104,26.15674883723917,26.66287502829193,26.397286044266867
2015-02-24,1742,152000,4051350,26.15,27.0,26.15,26.9,0.95,80,26.271569600899706,26.143018709472667,26.221379373131416,26.66995338565635,26.401080111857304
2015-02-25,1742,570000,16153450,26.95,28.75,26.9,28.75,1.85,288,27.097713067266472,26.617015307750364,26.44125942764173,26.7320443293681,26.418807809126307
2015-02-26,1742,313000,8881950,28.75,28.75,27.95,28.6,-0.15,174,27.59847537817765,26.97755797906848,26.628975999151145,26.787804200133234,26.435269636981957
2015-03-02,1742,135000,3787650,28.6,28.6,27.75,27.75,-0.85,87,27.648983585451766,27.11800198287421,26.726456347051045,26.816526462815823,26.445192130287754
2015-03-03,1742,275000,7744100,28.0,28.95,27.5,28.6,0.85,130,27.965989056967846,27.38745616780617,26.88937318643791,26.86976447885117,26.461454831191244
2015-03-04,1742,77000,2176650,29.0,29.0,28.0,28.1,-0.5,56,28.0106593713119,27.51700959184141,26.994645083269397,26.906487927243674,26.47382120982376
2015-03-05,1742,81000,2294550,28.1,28.95,28.1,28.35,0.25,39,28.123772914207933,27.66846239332479,27.11250203255032,26.949577839863267,26.48798104974962
2015-03-06,1742,62000,1756450,28.35,28.5,28.05,28.5,0.15,41,28.24918194280529,27.81965104908392,27.23315402971986,26.99585909837481,26.503166098430757
2015-03-09,1742,190000,5359000,28.5,28.5,27.8,28.5,0.0,79,28.332787961870192,27.94335085834139,27.343314548874655,27.040758826781534,26.518236542970904
2015-03-10,1742,141000,4026750,28.45,28.95,28.15,28.4,-0.1,96,28.355191974580126,28.026377975006593,27.43520024027686,27.08133319016119,26.53243853132584
2015-03-11,1742,333000,9082100,27.85,27.95,26.75,27.1,-1.3,181,27.936794649720085,27.857945615914485,27.406052393296264,27.081890408365332,26.53672201410829
2015-03-12,1742,168000,4571000,27.35,27.6,26.85,26.85,-0.25,94,27.574529766480058,27.674682776657306,27.357700011270502,27.074968306623084,26.539086376265963
2015-03-13,1742,122000,3272650,26.9,27.0,26.65,26.65,-0.2,60,27.26635317765337,27.488376817265067,27.296160879855677,27.06228268552986,26.539923460218674
2015-03-16,1742,22000,594200,27.0,27.15,26.8,27.05,0.4,17,27.194235451768915,27.40867194139869,27.274755585955184,27.061916038200607,26.543773094481175
2015-03-17,1742,31000,842900,27.15,27.4,27.05,27.05,0.0,20,27.146156967845943,27.343458861144384,27.25521162195908,27.061560335567755,26.547593674900185
2015-03-18,1742,67000,1813050,27.1,27.15,27.0,27.1,0.05,23,27.130771311897295,27.299193613663586,27.24171495918003,27.062707788237375,26.551762779240562
2015-03-19,1742,138000,3747650,27.1,27.4,27.1,27.2,0.1,42,27.153847541264863,27.281158411179298,27.238087571425243,27.066806063215363,26.556655135623654
2015-03-20,1742,158000,4380350,27.4,28.2,27.2,27.5,0.3,84,27.269231694176575,27.32094779096488,27.260862565214353,27.079737225507444,26.56377471950574
2015-03-23,1742,147000,4030000,27.5,27.75,27.3,27.5,0.0,43,27.346154462784384,27.353502738062176,27.28165712476093,27.092282382954984,26.570840570679284
2015-03-24,1742,102000,2813100,27.6,27.85,27.35,27.35,-0.15,48,27.347436308522923,27.352865876596326,27.28759998347737,27.099975446150356,26.57672101920246
2015-03-25,1742,22000,602900,27.45,27.45,27.35,27.4,0.05,15,27.364957539015283,27.361435717215176,27.2973738979576,27.10893140298169,26.58293444547263
2015-03-26,1742,44000,1194300,27.4,27.4,27.0,27.2,-0.2,27,27.309971692676854,27.3320837686306,27.288906602483024,27.111649868564324,26.587591543997366
2015-03-27,1742,115000,3077300,27.3,27.65,26.5,26.5,-0.7,57,27.039981128451235,27.180795810697763,27.220306028354067,27.093391663532554,26.586930475740782
2015-03-30,1742,36000,955050,26.5,27.15,26.3,26.6,0.1,25,26.893320752300824,27.07519657238908,27.16636637371458,27.078663554173374,26.58702911365972
2015-03-31,1742,40000,1060750,27.15,27.2,26.4,26.4,-0.2,26,26.728880501533883,26.952433559227426,27.09972581947853,27.05840494061596,26.58561757317927
2015-04-01,1742,30000,782500,26.3,26.3,25.45,26.0,-0.4,23,26.48592033435592,26.779263821186078,27.004097487349963,27.026810763284143,26.58119781790999
2015-04-02,1742,84000,2250550,26.4,27.1,26.4,26.9,0.9,50,26.623946889570615,26.8012158536977,26.995045531928227,27.023025367365214,26.583603872114445
2015-04-07,1742,130000,3514550,27.0,27.3,26.9,27.0,0.1,48,26.74929792638041,26.83735842575266,26.995476355238814,27.022338042966254,26.586746484400372
2015-04-08,1742,64000,1734800,27.0,27.35,27.0,27.35,0.35,36,26.949531950920274,26.930565984706725,27.026304498261528,27.03211899690756,26.59250688829169
2015-04-09,1742,54000,1489000,27.5,27.65,27.5,27.5,0.15,32,27.133021300613517,27.034099442032776,27.06749541145618,27.046085594014798,26.599355892908356
2015-04-10,1742,201000,5642650,27.6,28.3,27.6,28.15,0.65,91,27.47201420040901,27.23699045257227,27.161626245242598,27.079038262850176,26.6110588673015
2015-04-13,1742,57000,1584600,28.3,28.3,27.2,27.9,-0.25,30,27.614676133606007,27.357537643013675,27.225832658699762,27.103544583362112,26.620786724906772
2015-04-14,1742,46000,1280400,27.6,28.0,27.6,28.0,0.1,24,27.743117422404005,27.47434898064755,27.29315155794326,27.13030444654533,26.631195881699927
2015-04-15,1742,50000,1390000,27.7,28.0,27.6,27.65,-0.35,23,27.71207828160267,27.506285529620722,27.324181857252544,27.145817746648454,26.63888496938521
2015-04-16,1742,146000,4039000,27.8,27.8,27.5,27.65,0.0,34,27.691385521068444,27.532415433326044,27.352513869665366,27.16086796316641,26.646516026220038
2015-04-17,1742,52000,1427800,27.5,27.5,27.3,27.3,-0.35,26,27.560923680712296,27.49015808181222,27.347947446216203,27.165021158295772,26.651447980739132
2015-04-20,1742,105000,2823850,27.5,27.55,26.7,27.15,-0.15,61,27.423949120474862,27.42831115784636,27.330734624806098,27.164572765510822,26.65521063748827
2015-04-21,1742,89000,2360250,27.0,27.0,26.15,26.55,-0.6,57,27.13263274698324,27.268618220056112,27.262844657431653,27.14622730982393,26.65441659494119
2015-04-22,1742,41000,1083300,26.55,26.55,26.3,26.4,-0.15,21,26.88842183132216,27.110687634591365,27.187814687220204,27.123951867739635,26.65249646969635
2015-04-23,1742,145000,3764200,26.3,26.35,25.55,26.0,-0.4,69,26.59228122088144,26.908744428302025,27.084526453548882,27.090401065717558,26.647571968038264
2015-04-24,1742,125000,3230850,26.15,26.7,25.4,25.4,-0.6,86,26.194854147254294,26.63442725951984,26.93804589237072,27.039941332412557,26.638156330543634
2015-04-27,1742,219000,5435300,25.4,25.4,24.3,25.2,-0.2,79,25.86323609816953,26.373622303243504,26.786911466947178,26.985017710549496,26.627302320501794
2015-04-28,1742,1038000,27600400,24.2,26.95,24.2,26.25,1.05,308,25.992157398779685,26.351145520835594,26.740223513299597,26.963076883368913,26.62445475581876
2015-04-29,1742,166000,4266250,25.5,26.4,25.2,25.3,-0.95,88,25.761438265853123,26.16002815341094,26.614986686056152,26.9134327972982,26.614458870869186
2015-04-30,1742,73000,1862750,25.3,25.9,25.3,25.85,0.55,40,25.790958843902082,26.103659398245316,26.548466104659965,26.881688534692284,26.608689369956966
2015-05-04,1742,27000,693250,26.0,26.0,25.35,25.75,-0.1,21,25.77730589593472,26.03935768947344,26.47903426947214,26.847906787388037,26.602208695466725
2015-05-05,1742,12000,307800,25.7,25.8,25.35,25.8,0.05,10,25.784870597289814,25.995838109569178,26.419987811257172,26.816625987764514,26.59615429021792
2015-05-06,1742,396000,10295550,24.9,26.4,24.9,26.0,0.2,44,25.85658039819321,25.996594816920236,26.38346713201742,26.792249092607364,26.5916550125559
2015-05-07,1742,16000,409250,25.55,25.8,25.45,25.6,-0.4,14,25.771053598795472,25.924486668389285,26.315339555320254,26.756659567454903,26.584170823781893
2015-05-08,1742,94000,2400900,25.75,25.8,25.3,25.45,-0.15,39,25.664035732530316,25.838216365045778,26.24009263746632,26.717654804247296,26.575611043979766
2015-05-11,1742,124000,3080700,25.5,25.5,24.5,24.7,-0.75,57,25.342690488353544,25.631267935037453,26.106171538556204,26.657426302627975,26.56145548893086
2015-05-12,1742,76000,1848550,24.1,24.6,24.1,24.35,-0.35,41,25.011793658902363,25.398310128667006,25.9534609699861,26.588547905534604,26.544765258825723
2015-05-13,1742,40000,980150,24.35,24.6,24.3,24.55,0.2,26,24.857862439268242,25.244071923454822,25.83142088563948,26.527695729249988,26.529710426683643
2015-05-14,1742,35000,850950,24.35,24.35,24.25,24.25,-0.3,17,24.655241626178828,25.063331573735763,25.693906026018656,26.459704811958943,26.512505064972824
2015-05-15,1742,63000,1546050,24.5,25.0,24.35,24.35,0.1,40,24.55349441745255,24.933634923965624,25.577044632451816,26.39672854891539,26.496184272029634
2015-05-18,1742,100000,2387550,24.6,24.6,23.5,23.75,-0.6,55,24.28566294496837,24.71842857415369,25.418171186151657,26.317721726559707,26.47545835299545
2015-05-19,1742,59000,1420200,23.75,24.3,23.75,23.85,0.1,32,24.140441963312245,24.560532469762112,25.28180847431238,26.24405839143852,26.455643572972843
2015-05-20,1742,59000,1406750,23.85,24.05,23.5,23.6,-0.25,33,23.960294642208165,24.385890202532636,25.135564259154783,26.165131275276178,26.43409154600701
2015-05-21,1742,27000,631600,22.8,23.6,22.8,23.6,0.0,21,23.84019642813878,24.24300107479943,25.00203693227176,26.088560192432112,26.412702175848466
2015-05-22,1742,115000,2635300,23.6,23.6,22.0,22.9,-0.7,78,23.526797618759186,23.998819061199534,24.819251112074216,25.993379291165482,26.386191216030742
2015-05-25,1742,83000,1904900,22.9,23.4,22.7,22.9,0.0,46,23.31786507917279,23.799033777345073,24.652359711024285,25.901039610832186,26.359880338928622
2015-05-26,1742,52000,1191850,23.05,23.05,22.75,22.85,-0.05,30,23.16191005278186,23.62648218146415,24.49563277963087,25.809963801553614,26.33339067599331
2015-05-27,1742,183000,4418000,24.4,24.4,23.5,24.4,1.55,130,23.574606701854574,23.767121784834305,24.487316885749927,25.767875329865447,26.318799048249964
2015-05-28,1742,136000,3307600,24.4,24.8,24.05,24.05,-0.35,61,23.733071134569716,23.818554187591705,24.449289330467323,25.71659546927245,26.30167603656506
2015-05-29,1742,27000,649150,24.2,24.2,23.8,23.8,-0.25,23,23.75538075637981,23.81518069893867,24.392829388687556,25.65938366421954,26.28279546270419
2015-06-01,1742,35000,830850,23.8,24.0,23.5,23.85,0.05,23,23.786920504253207,23.82151148094982,24.345626833149506,25.60537221155627,26.26443474223095
2015-06-02,1742,45000,1064000,23.85,23.85,23.4,23.85,0.0,23,23.807947002835473,23.826691211686217,24.302528847658245,25.552973041062053,26.24621259323298
2015-06-03,1742,137000,3127750,23.75,23.75,22.5,23.0,-0.85,72,23.53863133522365,23.67638371865236,24.189265469601008,25.47676489058259,26.221712875548203
2015-06-04,1742,51000,1158600,22.9,22.9,22.5,22.8,-0.2,33,23.2924208901491,23.51704122435193,24.068459776592224,25.39686146101296,26.195888627430858
2015-06-05,1742,62000,1397150,22.0,22.8,22.0,22.8,0.0,32,23.128280593432734,23.38667009265158,23.95815892645377,25.31934320844541,26.170259279299305
2015-06-08,1742,124000,2771550,22.45,22.8,22.1,22.65,-0.15,76,22.968853728955157,23.25273007580584,23.844405976327355,25.239661321626144,26.143691284738555
2015-06-09,1742,160000,3433800,22.35,22.6,20.4,20.4,-2.25,87,22.11256915263677,22.734051880204778,23.544892413168455,25.09519381948805,26.10034267126883
2015-06-10,1742,347000,7044400,20.1,20.8,19.75,20.5,0.1,156,21.575046101757845,22.327860629258453,23.28011915984946,24.958023854727212,26.058075934127178
2015-06-11,1742,371000,7360850,20.45,20.45,19.5,20.1,-0.4,121,21.083364067838563,21.92279506030237,23.003587058992984,24.813008217272667,26.013109323303578
2015-06-12,1742,51000,1075500,19.95,21.8,19.95,21.35,1.25,43,21.172242711892377,21.818650503883756,22.859796879950117,24.709634837652587,25.977916045391854
2015-06-15,1742,34000,730250,21.0,21.65,21.0,21.6,0.25,30,21.31482847459492,21.778895866813983,22.750249325171847,24.616809917125643,25.944875169577575
2015-06-16,1742,95000,2059250,21.4,21.95,21.4,21.9,0.3,38,21.509885649729945,21.80091480012053,22.67631460124386,24.535711113629354,25.91434780980718
2015-06-17,1742,77000,1599000,19.75,21.9,19.75,21.9,0.0,45,21.63992376648663,21.818930291007707,22.608808983744392,24.457033169938924,25.88405084520486
2015-06-18,1742,96000,2149150,21.9,22.6,21.9,22.4,0.5,58,21.893282510991085,21.924579329006306,22.590651680810097,24.395629194716868,25.857756121844826
2015-06-22,1742,125000,2782700,22.4,22.6,21.95,22.1,-0.3,90,21.962188340660724,21.956473996459707,22.547986317261394,24.327102950098453,25.829395698283733
2015-06-23,1742,137000,3096500,22.15,23.0,22.15,22.95,0.85,75,22.291458893773815,22.137115088012486,22.58294402880388,24.285995399349247,25.8076644099948
2015-06-24,1742,219000,5018400,22.9,23.55,22.3,22.85,-0.1,132,22.477639262515876,22.26673052655567,22.606166287168758,24.243129865040313,25.78534241444767
2015-06-25,1742,115000,2606400,22.9,22.95,22.3,22.85,0.0,74,22.601759508343918,22.372779521727367,22.627369218719302,24.201543898919706,25.76318888679146
2015-06-26,1742,153000,3422300,23.3,23.3,22.0,22.3,-0.55,88,22.501173005562613,22.3595468814133,22.598902330135015,24.144781394474343,25.737051612174167
2015-06-29,1742,59000,1296550,22.0,22.25,21.6,22.25,-0.05,26,22.417448670375077,22.33962926661088,22.568562997079795,24.08822075583332,25.71073424151625
2015-06-30,1742,53000,1168100,22.2,22.25,21.65,22.15,-0.1,27,22.328299113583384,22.305151218136174,22.53216621472503,24.030363419838295,25.68386077554254
2015-07-01,1742,34000,755150,22.15,22.35,22.1,22.3,0.15,21,22.318866075722255,22.304214633020507,22.5119778482272,23.97871078044014,25.658322203651654
2015-07-02,1742,53000,1177850,22.1,22.45,21.9,22.2,-0.1,29,22.279244050481502,22.28526651792587,22.484849339685706,23.925614936247896,25.632221658718432
2015-07-03,1742,330000,7791800,22.2,24.4,21.8,24.4,2.2,155,22.986162700321,22.66976351466662,22.651384179713034,23.9397756844196,25.622921872614896
2015-07-06,1742,678000,16670450,24.9,25.1,23.75,24.0,-0.4,303,23.324108466880666,22.911624693818144,22.76865512060755,23.941573425183194,25.610673405651763
2015-07-07,1742,467000,10840250,24.0,24.0,22.25,23.35,-0.65,210,23.332738977920446,22.99132929494212,22.819206849250374,23.923914516968768,25.593611719571374
2015-07-08,1742,292000,6498050,23.3,23.3,21.4,22.3,-1.05,147,22.988492651946963,22.865633059498098,22.774058427576428,23.875439456760745,25.568754272631214
2015-07-09,1742,462000,10193850,21.25,22.8,20.7,22.7,0.4,155,22.89232843463131,22.83551795777117,22.76761856430891,23.840351711782812,25.547103296988713
2015-07-13,1742,95000,2135000,22.6,23.4,22.0,22.7,0.0,49,22.828218956420873,22.810878329085504,22.761738689151613,23.806311362177354,25.525615724935967
2015-07-14,1742,27000,604350,22.9,22.9,22.25,22.45,-0.25,17,22.70214597094725,22.745264087433593,22.734630977051474,23.765824455843703,25.502403530785507
2015-07-15,1742,133000,2955900,22.4,22.75,21.9,22.3,-0.15,44,22.568097313964834,22.664306980627487,22.696836979047,23.72206850193792,25.478234447534295
2015-07-16,1742,104000,2272850,22.0,22.0,21.7,22.0,-0.3,57,22.378731542643223,22.54352389324067,22.636242459129868,23.670663472029325,25.45198362151517
2015-07-17,1742,76000,1631300,22.2,22.2,21.2,21.2,-0.8,42,21.985821028428816,22.29924682174237,22.51135181050988,23.59691232361054,25.41989317908864
2015-07-20,1742,115000,2387250,21.1,21.1,20.6,20.6,-0.6,65,21.52388068561921,21.990292854152848,22.34514730524815,23.50745225424903,25.38351662679363
2015-07-21,1742,74000,1514100,20.55,20.8,20.05,20.6,0.0,36,21.215920457079473,21.737512335215968,22.193395365661356,23.42066263471921,25.34741461451594
2015-07-22,1742,99000,1987200,20.15,20.4,19.85,20.35,-0.25,39,20.92728030471965,21.4852373651767,22.033100116473413,23.329001063533564,25.309698277802614
2015-07-23,1742,172000,3461250,20.0,20.55,19.7,20.4,0.05,68,20.75152020314643,21.28792148059912,21.891091410693118,23.2415681959654,25.272643951177688
2015-07-24,1742,77000,1550150,20.5,20.5,19.8,20.4,0.0,46,20.63434680209762,21.12648121139928,21.761431288024152,23.15674526474255,25.235869279848046
2015-07-27,1742,147000,2883150,20.4,20.4,19.3,19.6,-0.8,58,20.28956453473175,20.848939172963046,21.573480741239443,23.050573764302474,25.193334417358628
2015-07-28,1742,826000,14680150,19.1,19.4,17.65,17.65,-1.95,206,19.409709689821167,20.267313868787948,21.232308502870797,22.889362607159118,25.13640359156724
2015-07-29,1742,710000,11964100,17.5,17.65,15.9,17.65,0.0,190,18.82313979321411,19.79143861991741,20.92080341566464,22.732963723363323,25.0799024323856
2015-07-30,1742,157000,2731150,17.25,17.75,16.9,17.6,-0.05,87,18.41542652880941,19.392995234477883,20.632037901259018,22.579740925650984,25.023450338556277
2015-07-31,1742,69000,1202850,17.45,17.6,17.1,17.6,0.0,34,18.14361768587294,19.06699610093645,20.368382431584322,22.43109194279573,24.967424298265286
2015-08-03,1742,94000,1632250,17.25,18.0,16.7,17.5,-0.1,54,17.929078457248625,18.782087718948006,20.11895787231612,22.283895168383918,24.911066379033095
2015-08-04,1742,181000,3112850,17.5,17.55,16.7,17.55,0.05,73,17.802718971499083,18.558071770048368,19.895570231245152,22.14258486485007,24.855511161078127
2015-08-05,1742,58000,1009150,17.55,17.65,17.25,17.35,-0.2,33,17.651812647666056,18.3384223573123,19.6742162980934,21.999522630078424,24.798865793824707
2015-08-06,1742,107000,1869950,17.35,17.95,17.35,17.35,0.0,42,17.551208431777372,18.158709201437336,19.4721105330418,21.860730909777576,24.742647938776972
2015-08-07,1742,104000,1772400,16.35,17.35,16.35,17.3,-0.05,65,17.46747228785158,18.00258025572146,19.283231356255556,21.724589688590186,24.686477010937146
2015-08-10,1742,42000,738700,18.5,18.5,17.35,17.35,0.05,28,17.42831485856772,17.88392930013574,19.11512428179855,21.594004921766597,24.631107373118752
2015-08-11,1742,21000,364200,17.5,17.5,17.2,17.3,-0.05,13,17.38554323904515,17.777760336474696,18.95728738772911,21.46582567037058,24.5757782608688
2015-08-12,1742,76000,1292050,17.1,17.25,16.8,17.1,-0.2,43,17.290362159363433,17.65453118438839,18.79578413662223,21.33550251603116,24.519357292862242
2015-08-13,1742,336000,5510200,17.1,17.3,15.6,17.1,0.0,159,17.226908106242288,17.55370733268141,18.648324646481168,21.209069605104855,24.46336214348215
2015-08-14,1742,352000,5709450,16.95,16.95,16.0,16.0,-1.1,145,16.81793873749486,17.271215090375698,18.418035546787152,21.053574990027098,24.399487712210586
2015-08-17,1742,637000,9263600,16.0,16.0,14.4,14.4,-1.6,202,16.01195915832991,16.74917598303466,18.068641151414358,20.85496081122032,24.324019880420316
2015-08-18,1742,550000,7244650,13.3,13.6,13.0,13.0,-1.4,150,15.007972772219938,16.067507622482903,17.627889746943545,20.62048436909434,24.23855557943601
2015-08-19,1742,5000,58500,11.7,11.7,11.7,11.7,-1.3,2,13.905315181479958,15.273415327486012,17.11242107329628,20.354201253598983,24.143924971289323
2015-08-20,1742,122000,1287100,10.55,10.55,10.55,10.55,-1.15,17,12.786876787653306,14.414612540670372,16.541775762574865,20.061538529610953,24.04132931112865
2015-08-21,1742,1016000,10692680,9.7,11.6,9.7,11.6,1.05,199,12.39125119176887,13.902864806003032,16.112056131046614,19.808955289921073,23.947432486139
2015-08-24,1742,106000,1118950,10.5,11.5,10.45,10.45,-1.15,34,11.744167461179247,13.275071204911573,15.619703423999082,19.52958349022194,23.84556507114927
2015-08-25,1742,643000,6065530,9.41,10.9,9.41,9.41,-1.04,68,10.966111640786165,12.572330985836741,15.079729213216554,19.227506371110834,23.736617410234935
2015-08-26,1742,168000,1706360,9.41,10.35,9.41,10.35,0.94,33,10.760741093857444,12.168270806593696,14.668448412067288,18.962506180928422,23.63558633544071
2015-08-27,1742,47000,518400,10.3,11.35,10.0,11.35,1.0,23,10.957160729238296,12.019494296303934,14.379887680583176,18.735267190452948,23.542864929135497
2015-08-28,1742,84000,1032600,11.45,12.45,11.45,12.45,1.1,29,11.454773819492198,12.09776806061231,14.212071360532464,18.547647274320024,23.459145193821268
2015-08-31,1742,155000,2097700,12.5,13.65,12.5,13.3,0.85,49,12.069849212994798,12.316355685955527,14.132760807442684,18.39100108702689,23.382472399905634
2015-09-01,1742,46000,624700,13.6,13.65,13.5,13.5,0.2,11,12.546566141996532,12.531563743054521,14.077738128534625,18.245001054578324,23.307887702547855
2015-09-02,1742,46000,620750,13.0,13.6,13.0,13.55,0.05,9,12.881044094664356,12.716733971590063,14.031847856488136,18.10485176936703,23.23424326705693
2015-09-03,1742,35000,459150,13.2,13.2,13.1,13.1,-0.45,10,12.954029396442904,12.786418704028234,13.950817608097864,17.955453209087416,23.157758412211216
2015-09-04,1742,51000,685400,13.1,13.6,13.1,13.6,0.5,14,13.169352930961935,12.9343425760231,13.920311729132832,17.82543968045794,23.08562438645868
2015-09-07,1742,5000,66700,12.8,14.5,12.8,13.2,-0.4,4,13.17956862064129,12.982643925837081,13.857675926599542,17.687366854175615,23.01101590052314
2015-09-08,1742,20000,267650,13.3,13.45,13.3,13.35,0.15,6,13.236379080427525,13.049435939321247,13.813530193851756,17.557893216737536,22.938102572972024
2015-09-09,1742,12000,161400,13.5,13.5,13.2,13.2,-0.15,2,13.224252720285017,13.07681122308102,13.760179742212474,17.427806852058804,22.864607459213744
2015-09-10,1742,17000,228500,14.4,14.4,13.1,13.1,-0.1,4,13.182835146856679,13.081027364339016,13.70277280810704,17.298618587818243,22.790912308578168
2015-09-11,1742,151000,1781800,11.8,11.8,11.8,11.8,-1.3,26,12.721890097904453,12.848113298095559,13.537314303054254,17.13448071952516,22.707962027003994
2015-10-07,1742,41000,530950,12.95,12.95,12.95,12.95,1.15,18,12.797926731936302,12.866638152987274,13.486243494093014,17.00957084730053,22.634317030573776
2015-10-08,1742,13000,184600,14.2,14.2,14.2,14.2,1.25,9,13.265284487957535,13.10906757971686,13.54830927721536,16.925703060813948,22.57066180770152
2015-10-12,1742,839000,12463200,15.4,15.4,14.2,14.9,0.7,333,13.810189658638357,13.434691656131976,13.665847600935763,16.86523431272995,22.51277002047358
2015-10-13,1742,266000,3858350,14.9,15.0,14.2,14.3,-0.6,82,13.973459772425572,13.592020445926163,13.720991287810914,16.788660154140995,22.450786850507743
2015-10-14,1742,106000,1518650,14.3,14.45,14.2,14.45,0.15,39,14.13230651495038,13.748016728485043,13.7843833497404,16.718849403271115,22.39040355352278
2015-10-15,1742,28000,407650,14.65,14.7,14.4,14.45,0.0,16,14.238204343300254,13.87565005057867,13.842263058458625,16.651122555412275,22.33047597953393
2015-10-16,1742,82000,1156000,14.45,14.45,13.75,13.9,-0.55,42,14.12546956220017,13.88007731410982,13.847283662070918,16.568999494056683,22.266849745726127
2015-10-19,1742,71000,963400,13.5,13.8,13.45,13.45,-0.45,32,13.900313041466779,13.801881438817126,13.812737256673447,16.47589503154753,22.20030748349423
2015-10-20,1742,56000,765450,13.85,13.85,13.35,13.6,0.15,23,13.800208694311186,13.765175722668557,13.7942383647888,16.390047418665514,22.135399502486727
2015-10-21,1742,15000,200900,13.35,13.5,13.35,13.5,-0.1,12,13.70013912954079,13.716961954910637,13.768652420024557,16.303777346466543,22.070226676052865
2015-10-22,1742,95000,1268750,13.45,13.45,13.2,13.45,-0.05,52,13.61675941969386,13.668423417654157,13.740943513935465,16.21858996298993,22.005168361516617
2015-10-23,1742,110000,1428650,13.4,13.4,12.7,13.05,-0.4,54,13.42783961312924,13.555982796262493,13.680861469245425,16.124005187975307,21.937582185203283
2015-10-26,1742,75000,962300,13.0,13.0,12.6,12.7,-0.35,41,13.185226408752827,13.400349560578404,13.59556916757191,16.021796077886492,21.867864583805524
2015-10-27,1742,89000,1118750,12.55,12.8,12.4,12.4,-0.3,32,12.923484272501884,13.218467822291421,13.491606631261309,15.913682762128687,21.796409002040953
2015-10-28,1742,117000,1419600,12.25,12.4,11.65,12.4,0.0,57,12.748989515001256,13.069655490965708,13.396684315499456,15.808796709527831,21.725492707685927
2015-10-29,1742,64000,772300,12.6,12.6,11.8,12.0,-0.4,51,12.49932634333417,12.875172674426489,13.275233505456026,15.69510128536282,21.65209276272226
2015-10-30,1742,202000,2270750,11.8,11.8,10.9,10.9,-1.1,83,11.96621756222278,12.51605036998531,13.068691461503327,15.551963933560945,21.57094489281492
2015-11-02,1742,105000,1172600,10.95,11.7,10.9,11.7,0.8,54,11.877478374815187,12.367677575442526,12.949674812676951,15.4369799355442,21.496447195510658
2015-11-03,1742,399000,5102400,12.5,12.85,12.0,12.85,1.15,167,12.20165224987679,12.455372561725703,12.941007437661565,15.359756653886164,21.43119099026152
2015-11-04,1742,562000,7802400,13.0,14.1,12.9,14.1,1.25,248,12.834434833251194,12.75439573232103,13.041789399604037,15.322151977650757,21.37586124693879
2015-11-05,1742,552000,8076750,14.3,15.2,14.3,14.6,0.5,294,13.422956555500797,13.089960144626296,13.17728597355151,15.300595202198496,21.324722671490196
2015-11-06,1742,396000,5823250,14.6,14.95,14.1,14.9,0.3,198,13.915304370333864,13.419058300148787,13.327087193242685,15.288637136461228,21.276234198497818
2015-11-09,1742,206000,3038800,14.85,15.05,14.45,14.75,-0.15,109,14.193536246889243,13.661047700121735,13.450818741656365,15.272558415969847,21.226979600773305
2015-11-10,1742,241000,3406900,14.8,14.85,13.65,14.05,-0.7,100,14.145690831259495,13.7317663000996,13.502921459773203,15.23606413489612,21.172813716993883
2015-11-11,1742,456000,5880550,13.7,13.95,12.65,12.65,-1.4,210,13.647127220839664,13.53508151826331,13.428754376314664,15.158868190570862,21.108490594601477
2015-11-12,1742,272000,3297450,12.65,12.65,11.85,12.35,-0.3,182,13.214751480559777,13.319612151306345,13.334949647939476,15.07502137891203,21.042388778793164
2015-11-13,1742,191000,2262800,12.35,12.35,11.4,11.6,-0.75,103,12.676500987039852,13.006955396523372,13.184084461162131,14.971289397451969,20.971125467255103
2015-11-16,1742,304000,3783550,11.1,12.75,11.1,12.75,1.15,159,12.701000658026567,12.960236233519122,13.146337986278468,14.904982251259373,20.909079237313556
2015-11-17,1742,277000,3596200,12.95,13.35,12.6,12.6,-0.15,166,12.667333772017711,12.894738736515645,13.098830335297732,14.836176810923272,20.84636920533383
2015-11-18,1742,193000,2450900,12.6,12.95,12.45,12.7,0.1,62,12.678222514678474,12.8593316935128,13.06414943657619,14.772410338955412,20.78488717359546
2015-11-19,1742,106000,1343700,12.7,13.1,12.2,12.5,-0.2,63,12.61881500978565,12.793998658328654,13.015092963830435,14.704577194508982,20.722359723228703
2015-11-20,1742,111000,1391600,12.2,12.8,12.2,12.65,0.15,45,12.629210006523767,12.767817084087081,12.983345749584311,14.643246531986327,20.661436253619428
2015-11-23,1742,110000,1402500,12.85,13.0,12.6,12.6,-0.05,40,12.61947333768251,12.73730488698034,12.95001133657698,14.58225409819569,20.600595225290224
2015-11-24,1742,107000,1293850,12.4,12.55,11.5,12.2,-0.4,47,12.47964889178834,12.63961308934755,12.88479295948333,14.511142035562983,20.537194506608788
2015-11-25,1742,142000,1714700,12.3,12.3,11.95,12.15,-0.05,47,12.369765927858893,12.550592527647996,12.820897919528257,14.440660183755133,20.473894925426833
2015-11-26,1742,85000,1029500,11.8,12.3,11.8,12.1,-0.05,28,12.279843951905928,12.468666613530178,12.758211143917103,14.370789730508712,20.41069571844248
2015-11-27,1742,85000,1032300,12.45,12.45,12.1,12.1,0.0,23,12.219895967937285,12.401636320161055,12.700975392272138,14.303004962433825,20.347973486605177
2015-11-30,1742,127000,1480900,11.75,11.95,11.5,11.5,-0.6,70,11.979930645291523,12.237702443768136,12.596542749465865,14.219333172510426,20.281196328215703
2015-12-01,1742,158000,1854900,11.55,12.1,11.55,11.7,0.2,59,11.886620430194348,12.13993836308302,12.518582510381876,14.144129197211608,20.216432582342378
2015-12-02,1742,79000,929850,11.7,12.4,11.6,11.65,-0.05,40,11.8077469534629,12.05085866070429,12.443053596435625,14.069677579384397,20.15178026096621
2015-12-03,1742,63000,734350,11.35,11.8,11.35,11.6,-0.05,34,11.738497968975267,11.968884358758055,12.369744588049919,13.995955860596803,20.087238523147597
2015-12-04,1742,116000,1328950,11.05,11.65,11.05,11.5,-0.1,50,11.65899864598351,11.883632657165682,12.294114623871666,13.92144971550436,20.022429175803087
2015-12-07,1742,45000,523000,11.4,11.7,11.4,11.7,0.2,22,11.672665763989007,11.850244901317376,12.242452482665435,13.855137783698261,19.95961838957061
2015-12-08,1742,46000,532500,11.6,11.65,11.45,11.55,-0.15,21,11.631777175992672,11.795654919259672,12.182239223303224,13.78632770060279,19.896149571536117
2015-12-09,1742,334000,3617550,11.3,11.45,10.5,10.85,-0.7,139,11.371184783995115,11.623717661212458,12.066392334320335,13.698676127450469,19.82787674458113
2015-12-10,1742,23000,249200,10.5,10.9,10.5,10.9,0.05,20,11.214123189330078,11.492132631901102,11.964966913944654,13.615133556481798,19.760496542735233
2015-12-11,1742,194000,2209500,11.05,11.8,11.05,11.1,0.2,100,11.176082126220052,11.420835789737264,11.889752399688597,13.540054942855475,19.695134304676852
2015-12-14,1742,71000,780350,10.7,11.0,10.7,11.0,-0.1,29,11.117388084146702,11.344320191603217,11.812382625802632,13.464232407247849,19.629510649547214
2015-12-15,1742,20000,224550,11.15,11.4,11.1,11.4,0.4,18,11.211592056097802,11.354443793129905,11.776523267037186,13.402613529419554,19.567401135211007
2015-12-16,1742,56000,649700,11.6,11.8,11.3,11.3,-0.1,32,11.241061370731869,11.34454492165174,11.735086461207866,13.339848946451806,19.505005654945265
2015-12-17,1742,53000,608000,11.5,11.75,11.3,11.35,0.05,30,11.27737424715458,11.345536754078697,11.7016006819724,13.28045047043832,19.44345844245511
2015-12-18,1742,59000,673900,11.45,11.5,11.35,11.35,0.0,30,11.301582831436386,11.346348253337116,11.671026709626974,13.222825083261057,19.382375737229033
2015-12-21,1742,40000,461800,11.5,11.75,11.4,11.75,0.4,21,11.45105522095759,11.419739480003095,11.677893952268107,13.178860155402518,19.32477290147636
2015-12-22,1742,42000,494050,11.75,11.9,11.65,11.8,0.05,24,11.567370147305061,11.488877756366168,11.688511869462184,13.137700150763637,19.267982162597296
2015-12-23,1742,313000,3554150,11.85,11.85,11.1,11.15,-0.65,178,11.42824676487004,11.427263618845046,11.641684750378516,13.07836581790502,19.2067143726909
2015-12-24,1742,92000,1016900,11.25,11.3,10.9,11.15,0.0,52,11.335497843246694,11.376852051782311,11.598929554693427,13.020802659161587,19.145908981198893
2015-12-25,1742,182000,1986600,10.95,11.1,10.8,10.85,-0.3,74,11.17366522883113,11.281060769640073,11.533805245589651,12.956002579783629,19.083298347378523
2015-12-28,1742,209000,2226850,10.85,10.95,10.5,10.6,-0.25,93,10.98244348588742,11.157231538796424,11.45260478945142,12.885674144566208,19.01927345419076
2015-12-29,1742,340000,3736100,10.6,11.4,10.6,11.2,0.6,113,11.054962323924945,11.16500762265162,11.43063915558608,12.835355513385126,18.96026006963083
2015-12-30,1742,117000,1311800,11.45,11.55,11.0,11.15,-0.05,59,11.086641549283296,11.162278963987688,11.406235750752508,12.785046393582585,18.90131471061475
2015-12-31,1742,63000,697350,11.1,11.25,11.0,11.15,0.0,37,11.107761032855532,11.160046425080836,11.383954381121855,12.736239038550268,18.84281422223275
2016-01-04,1742,91000,1014650,11.0,11.3,10.9,11.25,0.1,46,11.155174021903688,11.176401620520684,11.37230617406778,12.691873694115932,18.78550996395175
2016-01-05,1742,40000,439300,11.05,11.25,10.9,11.0,-0.25,22,11.103449347935792,11.144328598607832,11.339931724148844,12.641370001754263,18.726751398186074
2016-01-06,1742,95000,1050600,10.9,11.3,10.9,11.15,0.15,54,11.118966231957195,11.145359762497316,11.323415922048945,12.59685149423921,18.669568368765802
2016-01-07,1742,268000,2959000,11.15,11.4,10.7,11.15,0.0,111,11.129310821304797,11.146203442043259,11.308336276653383,12.55366189739625,18.61281690937889
2016-01-08,1742,207000,2315350,11.15,11.3,11.0,11.05,-0.1,67,11.102873880869865,11.128711907126302,11.285872252596567,12.508776467623226,18.555739045911878
2016-01-11,1742,23000,254600,11.2,11.2,11.0,11.15,0.1,19,11.118582587246577,11.132582469466975,11.274057274109909,12.468215976052385,18.499846675754053
2016-01-12,1742,53000,589550,11.3,11.35,11.0,11.15,0.0,35,11.129055058164385,11.135749293200252,11.263269685056873,12.428866245423956,18.444376134804966
2016-01-13,1742,153000,1677800,11.2,11.2,10.8,10.95,-0.2,42,11.069370038776256,11.10197669443657,11.236028842878014,12.384720984366524,18.387814805485682
2016-01-14,1742,197000,2127550,10.65,11.0,10.65,10.9,-0.05,17,11.012913359184171,11.065253659084465,11.206808943497316,12.34040095498245,18.33130299563296
2016-01-15,1742,84000,907700,10.95,11.0,10.55,10.65,-0.25,31,10.891942239456114,10.989752993796381,11.15839077449755,12.289941224982973,18.27333089755271
2016-01-18,1742,50000,533400,10.4,10.95,10.25,10.95,0.3,15,10.911294826304076,10.982525176742493,11.14026983758472,12.249942979461094,18.21806047568439
2016-01-19,1742,38000,413850,11.25,11.25,10.7,11.0,0.05,20,10.94086321753605,10.985702417334767,11.12807246040344,12.212631248730913,18.163584547566018
2016-01-20,1742,21000,225550,10.8,10.8,10.7,10.75,-0.25,13,10.877242145024033,10.94284743236481,11.0951965942814,12.168970614440438,18.107632966074952
2016-01-21,1742,47000,503200,10.6,10.75,10.6,10.75,0.0,21,10.834828096682688,10.907784262843935,11.065179499126495,12.126613282666096,18.052103660670614
2016-01-22,1742,26000,278050,10.95,10.95,10.55,10.6,-0.15,13,10.756552064455125,10.8518234877814,11.024729107898104,12.081042736914869,17.99586136889197
2016-01-25,1742,35000,377700,11.25,11.25,10.6,10.65,0.05,27,10.72103470963675,10.815128308184782,10.992143968080876,12.038325043275618,17.94042090573052
2016-01-26,1742,35000,368950,10.65,10.65,10.45,10.6,-0.05,19,10.6806898064245,10.776014070333003,10.958044492595583,11.995389967356942,17.8850215026684
2016-01-27,1742,33000,346300,10.9,10.9,10.4,10.4,-0.2,22,10.587126537616333,10.707647875727003,10.909518884543793,11.94776638624181,17.828530774346376
2016-01-28,1742,40000,420100,10.45,10.6,10.4,10.55,0.15,16,10.574751025077555,10.678984625594822,10.878256372844334,11.906042016503248,17.77359846661546
2016-01-29,1742,69000,731250,10.2,10.7,10.2,10.55,0.0,23,10.566500683385037,10.655532875486672,10.849712340423087,11.865563150338971,17.719080742339116
2016-01-30,1742,128000,1405650,10.5,11.5,10.5,11.0,0.45,55,10.711000455590025,10.718163261761823,10.86278083256021,11.839725444358704,17.668370699000707
2016-02-01,1742,23000,247500,10.8,10.95,10.7,10.95,-0.05,14,10.79066697039335,10.760315395986947,10.870365107989757,11.813166475870384,17.617666014479948
2016-02-02,1742,20000,216650,10.7,10.95,10.7,10.9,-0.05,7,10.827111313595566,10.785712596716593,10.872942055121083,11.785907775098133,17.56696664833293
2016-02-03,1742,42000,449600,10.85,10.85,10.6,10.6,-0.3,19,10.751407542397043,10.751946670040848,10.849207963371423,11.750507543005652,17.514385767968154
2016-02-15,1742,30000,314650,10.4,10.9,10.4,10.4,-0.2,17,10.634271694931362,10.687956366397058,10.810146401339125,11.710193885005483,17.460692290474054
2016-02-16,1742,99000,1039600,10.6,10.6,10.4,10.5,0.1,49,10.589514463287575,10.653782481597593,10.783177149048766,11.674068694408303,17.408158763753494
2016-02-17,1742,99000,1029550,10.4,10.75,10.3,10.5,0.0,50,10.559676308858384,10.62582203039803,10.758553049131482,11.639021867709548,17.356021716479884
2016-02-18,1742,32000,334350,10.55,10.6,10.2,10.4,-0.1,23,10.506450872572255,10.584763479416571,10.72737452312005,11.602036140315233,17.303523439374374
2016-02-19,1742,204000,2062170,10.4,10.5,9.92,10.05,-0.35,79,10.354300581714837,10.487533755886286,10.668472390674829,11.555706703290898,17.24877986624702
2016-02-22,1742,344000,3366070,10.05,10.15,9.5,9.65,-0.4,130,10.119533721143224,10.335254891179689,10.579909574094408,11.498819936028484,17.191430584237608
2016-02-23,1742,120000,1178260,9.7,10.05,9.68,9.86,0.21,67,10.033022480762149,10.2488449109652,10.51730874156446,11.449899937938081,17.136099032658457
2016-02-24,1742,53000,511740,9.96,9.96,9.53,9.63,-0.23,32,9.898681653841432,10.136327654426074,10.44015145968929,11.395574566656348,17.079449228638392
2016-02-25,1742,106000,1020440,9.78,9.78,9.59,9.59,-0.04,45,9.795787769227621,10.036995353621332,10.366225245803264,11.34167681839795,17.022925083516594
2016-02-26,1742,75000,731290,9.65,9.85,9.55,9.81,0.22,30,9.800525179485081,9.995723471144727,10.31785783312472,11.295955122326369,16.96848791307496
2016-03-01,1742,150000,1501270,9.82,10.3,9.82,9.97,0.16,59,9.857016786323388,9.99104647639114,10.287609325896483,11.256374372406178,16.915669136372507
2016-03-02,1742,1884000,20607400,10.6,10.95,10.6,10.95,0.98,337,10.221344524215592,10.165401662501843,10.345208514948963,11.247228868752263,16.87064521836215
2016-03-03,1742,879000,10548000,12.0,12.0,12.0,12.0,1.05,169,10.814229682810394,10.498964996592417,10.489103426692532,11.269699648789508,16.833885631808474
2016-03-04,1742,3214000,39695800,13.15,13.15,11.7,12.1,0.1,1069,11.242819788540263,10.79006226993925,10.629181389588833,11.29448473390027,16.798158193077846
2016-03-07,1742,707000,8558400,12.3,12.3,11.95,12.25,0.15,268,11.57854652569351,11.05550549358666,10.77012213832024,11.32300757766444,16.76383247086594
2016-03-08,1742,1578000,20444050,12.25,13.3,12.25,13.0,0.75,631,12.052364350462339,11.409049949298176,10.964024561075002,11.373067052958039,16.73542618806695
2016-03-09,1742,799000,10465550,13.0,13.45,12.6,13.0,0.0,321,12.368242900308227,11.698313594880325,11.141065903590219,11.421632215556306,16.70723429230795
2016-03-10,1742,522000,6815250,13.0,13.35,12.8,13.0,0.0,205,12.578828600205485,11.93498385035663,11.302712346756287,11.468747671808357,16.67925516557355
2016-03-11,1742,643000,8095250,12.8,13.05,12.25,12.45,-0.55,244,12.535885733470323,12.028623150291788,11.40247649051661,11.498038786082734,16.64733625866356
2016-03-14,1742,760000,9756850,12.45,13.2,12.45,12.7,0.25,262,12.590590488980215,12.150691668420553,11.515304621776036,11.533918225304145,16.617545041617042
2016-03-15,1742,375000,4637700,12.7,12.7,12.1,12.2,-0.5,145,12.460393659320143,12.159656819616815,11.57484335031725,11.553801263354767,16.5842050790388
2016-03-16,1742,199000,2411000,12.35,12.45,11.9,12.05,-0.15,112,12.323595772880095,12.139719216050121,11.61616131985488,11.568613165941192,16.549984663347942
2016-03-17,1742,208000,2504950,12.1,12.45,11.75,11.75,-0.3,108,12.132397181920064,12.068861176768282,11.627799465954457,11.574027698301157,16.51375836400192
2016-03-18,1742,268000,3138000,11.8,12.1,11.5,11.8,0.05,119,12.021598121280043,12.019977326446776,11.642773425436678,11.580773140142913,16.478182829179264
2016-03-21,1742,234000,2711150,11.65,11.9,11.5,11.65,-0.15,95,11.897732080853363,11.952708721638272,11.643401823224792,11.582839613571483,16.441743713487345
2016-03-22,1742,467000,5458450,11.75,12.4,11.4,11.6,-0.05,199,11.798488053902242,11.888579863158586,11.639627751640027,11.583351863912632,16.40520225149876
2016-03-23,1742,377000,4424200,11.65,12.05,11.5,11.75,0.15,178,11.782325369268161,11.86338352440248,11.649225338453938,11.588326435139122,16.370068649600658
2016-03-24,1742,194000,2226300,11.75,11.75,11.3,11.35,-0.4,89,11.63821691284544,11.77004106542021,11.62320574380577,11.58121221319467,16.332181339037632
2016-03-25,1742,89000,1018000,11.35,11.6,11.35,11.35,0.0,46,11.542144608563627,11.693669962616536,11.599448722605267,11.57431035608438,16.29457997044112
2016-03-28,1742,107000,1206850,11.4,11.45,11.1,11.25,-0.1,54,11.444763072375752,11.613002696686257,11.56906187716133,11.564629449932609,16.256507668777413
2016-03-29,1742,989000,11213050,11.0,12.25,10.8,12.0,0.75,272,11.6298420482505,11.683365842743301,11.60653475740817,11.577625585755516,16.22438308259796
2016-03-30,1742,343000,4022950,12.1,12.2,11.45,11.45,-0.55,161,11.569894698833666,11.640935689517246,11.592923039372677,11.573815866777739,16.188350002729297
2016-03-31,1742,664000,7629400,11.65,11.85,11.15,11.45,0.0,190,11.529929799222444,11.606220109605019,11.580494948992444,11.570119870754523,16.152588870633227
2016-04-01,1742,169000,1927050,11.2,11.5,11.2,11.45,0.0,59,11.503286532814963,11.577816453313197,11.569147562123536,11.566534202970805,16.11709763387373
2016-04-06,1742,221000,2490300,11.35,11.6,11.05,11.05,-0.4,56,11.352191021876642,11.48184982543807,11.524004295851924,11.55111527153884,16.078855387580344
2016-04-07,1742,108000,1219300,11.35,11.5,11.2,11.35,0.3,53,11.351460681251094,11.457877129903876,11.508873487516974,11.545111830597383,16.043165912957097
2016-04-08,1742,322000,3544900,11.5,11.5,10.7,11.05,-0.3,128,11.25097378750073,11.383717651739534,11.468971445124193,11.53033237296761,16.00548164191591
2016-04-11,1742,571000,6274500,11.1,11.55,10.85,10.9,-0.15,155,11.133982525000487,11.295768987786891,11.419495667287308,11.511516481237233,15.96694970499579
2016-04-12,1742,270000,2940250,11.0,11.3,10.75,10.95,0.05,64,11.07265501666699,11.232901899098366,11.37866995708841,11.494754795230152,15.92908593363733
2016-04-13,1742,253000,2747950,10.85,10.95,10.8,10.85,-0.1,65,10.998436677777994,11.163283371989571,11.332698656472028,11.475508383432237,15.890753209609878
2016-04-14,1742,131000,1409300,10.95,10.95,10.6,10.75,-0.1,55,10.915624451851995,11.08814094071874,11.282029208083156,11.453851416762618,15.85195507217886
2016-04-15,1742,90000,969300,10.7,10.95,10.6,10.95,0.2,46,10.92708296790133,11.063024406042604,11.253157103032446,11.438811075963734,15.814959184841662
2016-04-18,1742,173000,1837550,11.0,11.0,10.5,10.65,-0.3,53,10.834721978600886,10.987929059489403,11.200708659290495,11.415264476681235,15.775978360805121
2016-04-19,1742,109000,1157150,10.65,10.7,10.5,10.65,0.0,44,10.773147985733925,10.92648741230951,11.152820949786973,11.392420760959407,15.73729173166697
2016-04-20,1742,103000,1097500,10.8,10.8,10.5,10.7,0.05,32,10.748765323822616,10.88530788279869,11.113445215022889,11.371751484512858,15.699274435578918
2016-04-21,1742,107000,1107500,10.35,10.65,10.25,10.65,-0.05,41,10.715843549215077,10.842524631380746,11.073145631107854,11.350206664079638,15.661166703989643
2016-04-22,1742,67000,705050,10.35,10.65,10.35,10.5,-0.15,38,10.643895699476717,10.780247425675157,11.023306880576737,11.324827360674275,15.622214502450099
2016-04-25,1742,47000,487450,10.35,10.6,10.25,10.6,0.1,31,10.629263799651145,10.747475166461491,10.986497586613542,11.303190723042208,15.58431099677123
2016-04-26,1742,78000,808450,10.6,10.6,10.3,10.55,-0.05,31,10.602842533100764,10.71157059074122,10.948541274734103,11.28070741787677,15.546316196795598
2016-04-27,1742,44000,455450,10.5,10.5,10.3,10.35,-0.2,24,10.518561688733843,10.645830483333725,10.89649420736592,11.252925106895374,15.507098716065064
2016-04-28,1742,147000,1489000,10.35,10.35,10.0,10.3,-0.05,61,10.445707792489229,10.582952213636684,10.84462514585584,11.224479581316407,15.467799857830611
2016-04-29,1742,57000,578130,9.89,10.3,9.89,10.3,0.0,33,10.397138528326153,10.531506356611832,10.79726643752055,11.196883175903977,15.428797594752645
2016-05-03,1742,83000,844250,10.0,10.25,10.0,10.25,-0.05,29,10.348092352217435,10.480323382682409,10.749678051649198,11.168618006474007,15.389712329886587
2016-05-04,1742,76000,777550,10.25,10.65,10.1,10.1,-0.15,42,10.26539490147829,10.411173676740152,10.69318430802753,11.136718961504634,15.349789972679895
2016-05-05,1742,22000,226100,10.3,10.3,10.2,10.3,0.2,15,10.27692993431886,10.390960280969216,10.658994368199048,11.111742276086586,15.311678350244575
2016-05-06,1742,35000,359000,10.45,10.45,10.1,10.35,0.05,23,10.301286622879239,10.383512957156631,10.632125292703478,11.089003700681017,15.274231721186126
2016-05-09,1742,58000,590600,10.35,10.35,10.05,10.25,-0.1,30,10.284191081919493,10.359237874037243,10.598897006381437,11.063958814093525,15.236312991214911
2016-05-10,1742,121000,1206660,10.05,10.3,9.51,10.3,0.05,49,10.289460721279662,10.348467351485017,10.572905962348269,11.041154073374315,15.199057798828383
2016-05-11,1742,98000,965390,10.15,10.15,9.52,9.9,-0.4,69,10.159640480853108,10.266927833033195,10.514392400404942,11.007089772676574,15.159064909780621
2016-05-12,1742,138000,1318300,9.7,9.7,9.44,9.44,-0.46,70,9.919760320568738,10.116577317936251,10.420966974282774,10.960310973492199,15.115902155744541
2016-05-13,1742,388000,3328040,8.52,9.29,8.5,9.27,-0.17,145,9.703173547045825,9.962654169220569,10.320882889562533,10.909853929507356,15.07178213947477
2016-05-16,1742,151000,1274810,8.61,8.74,8.36,8.37,-0.9,74,9.258782364697216,9.673080683907738,10.15124089916579,10.834037394298182,15.021202651629677
2016-05-17,1742,118000,1012330,8.09,8.88,8.09,8.8,0.43,44,9.105854909798145,9.514338741379058,10.033741690542678,10.773319860140028,14.97425017878719
2016-05-18,1742,54000,467030,8.6,8.86,8.42,8.79,-0.01,32,9.00056993986543,9.382640788401048,9.925590239191141,10.7141162822254,14.92757659253219
2016-05-19,1742,3000,26370,8.79,8.79,8.79,8.79,0.0,3,8.930379959910287,9.274887917782676,9.826843261870172,10.656679975293297,14.881255259758364
2016-05-20,1742,44000,372300,8.3,8.89,8.3,8.89,0.1,16,8.916919973273524,9.204908296367645,9.7453786304032,10.603943259612901,14.836038238929998
2016-05-23,1742,89000,772790,8.5,8.88,8.5,8.64,-0.25,34,8.824613315515682,9.102197697028073,9.649258749498575,10.545318087684159,14.789275686183357
2016-05-24,1742,116000,984940,8.61,8.64,8.36,8.36,-0.28,54,8.669742210343788,8.967252661204787,9.537149293020438,10.480084711932392,14.740752850815936
2016-05-25,1742,49000,415630,8.45,8.59,8.37,8.5,0.14,28,8.613161473562526,8.882297631894826,9.446962397975183,10.420977705606052,14.693652829300344
2016-05-26,1742,35000,299710,8.51,8.78,8.51,8.55,0.05,21,8.592107649041685,8.821879880641221,9.368965667716472,10.365127624841692,14.647285638135813
2016-05-27,1742,62000,530750,8.56,8.64,8.55,8.64,0.09,24,8.60807176602779,8.788810811433727,9.305577348784604,10.313631277831492,14.601947633319693
2016-05-30,1742,21000,180630,8.6,8.61,8.6,8.61,-0.03,9,8.608714510685193,8.756299754809413,9.24509236193377,10.262776612821597,14.556725387030488
2016-05-31,1742,62000,543020,8.48,9.0,8.48,9.0,0.39,33,8.739143007123461,8.80060889029861,9.22377998263518,10.225081788558265,14.514787836939691
2016-06-01,1742,85000,769100,9.0,9.14,9.0,9.13,0.13,30,8.86942867141564,8.86049818297159,9.215625201536469,10.192392779944585,14.474147928736372
2016-06-02,1742,83000,740280,9.0,9.15,8.69,9.15,0.02,24,8.962952447610427,8.913134876976756,9.209918662272427,10.16127657755818,14.433965680217607
2016-06-03,1742,33000,302770,9.3,9.3,9.15,9.15,0.0,20,9.025301631740284,8.956201262980981,9.204708343813955,10.131089217034056,14.394086693951815
2016-06-04,1742,13000,120630,9.34,9.34,9.25,9.25,0.1,10,9.100201087826855,9.009619215166257,9.208646748699698,10.104788046376322,14.355263398148406
2016-06-06,1742,31000,284440,9.15,9.38,9.15,9.15,-0.1,18,9.116800725217903,9.035142994226938,9.203547031421463,10.076286910663596,14.315978391369928
2016-06-07,1742,30000,273400,9.15,9.25,9.0,9.25,0.1,12,9.161200483478602,9.074207904367494,9.20758641999351,10.051621629748265,14.277744592189778
2016-06-08,1742,18000,163820,9.05,9.3,9.0,9.3,0.05,10,9.207466988985734,9.115261012664314,9.215622383472335,10.029185163188615,14.240176708475138
2016-06-13,1742,27000,243770,9.19,9.19,9.0,9.09,-0.21,11,9.168311325990489,9.110668101270802,9.204698697953,10.001149785182985,14.201307450297968
2016-06-14,1742,60000,526910,9.05,9.05,8.58,8.98,-0.11,28,9.10554088399366,9.08691026467611,9.185159680739696,9.970667702043194,14.161901356333455
2016-06-15,1742,45000,397500,8.68,9.04,8.68,8.96,-0.02,19,9.057027255995774,9.063835671098635,9.16558057806668,9.940498516907576,14.122641723455468
2016-06-16,1742,36000,314190,8.75,8.88,8.7,8.88,-0.08,21,8.99801817066385,9.030411003626156,9.14074748432175,9.908841844761081,14.083074616108634
2016-06-17,1742,19000,166860,8.71,8.98,8.71,8.98,0.1,10,8.9920121137759,9.02124536660322,9.126769442206815,9.881115222529408,14.044560845421023
2016-06-20,1742,95000,858840,8.97,9.3,8.8,9.12,0.14,13,9.034674742517266,9.039200754493542,9.126180795058396,9.85839536514047,14.007394348474449
2016-06-21,1742,42000,384360,9.3,9.3,9.13,9.26,0.14,14,9.109783161678177,9.079346071858353,9.137817247662014,9.840532816927322,13.971564957165208
2016-06-22,1742,336000,3280290,9.35,10.15,9.26,10.15,0.89,111,9.456522107785451,9.274010422429562,9.225833139169664,9.8497706432877,13.94272295748849
2016-06-23,1742,281000,3100000,10.7,11.15,10.7,11.15,1.0,96,10.021014738523634,9.615099436533278,9.393151996633172,9.888583459905977,13.92164580309235
2016-06-24,1742,1480000,17725000,12.25,12.25,11.2,11.2,0.05,429,10.414009825682422,9.903263175345408,9.550269214317243,9.927730222296843,13.901105080050144
2016-06-27,1742,235000,2639100,11.0,11.45,11.0,11.25,0.05,95,10.692673217121614,10.148124416191697,9.698071891333136,9.967200961929773,13.88109673982335
2016-06-28,1742,345000,4101450,11.2,12.3,11.2,11.8,0.55,138,11.061782144747744,10.44846543142957,9.880848248608515,10.021911380976645,13.865390349334117
2016-06-29,1742,137000,1622250,11.85,12.1,11.45,11.8,0.0,67,11.307854763165162,10.694198989351467,10.04773100959908,10.074988653186297,13.84980249764103
2016-06-30,1742,267000,3204150,12.1,12.1,11.8,12.1,0.3,104,11.571903175443442,10.949799173105745,10.22618918267742,10.135436753091184,13.83659644105506
2016-07-01,1742,207000,2477400,12.2,12.2,11.8,12.1,0.0,71,11.747935450295628,11.158926596177428,10.389129253748948,10.194080432103387,13.82349005282068
2016-07-04,1742,181000,2183850,12.4,12.4,11.9,12.15,0.05,53,11.881956966863752,11.339121760508805,10.542248449075126,10.25246609084657,13.810859939214486
2016-07-05,1742,121000,1447900,12.15,12.15,11.9,11.95,-0.2,39,11.904637977909168,11.450190531325386,10.66466162741642,10.30313874485115,13.79681571325815
2016-07-06,1742,152000,1764900,11.9,12.0,11.3,11.9,-0.05,67,11.903091985272779,11.531974071084408,10.772082355467166,10.350806245004847,13.78250012296941
2016-07-07,1742,240000,2827100,11.8,12.2,11.55,12.1,0.2,71,11.968727990181852,11.635251512705425,10.88755345499176,10.403020983959927,13.769802008833791
2016-07-11,1742,141000,1594150,12.2,12.2,10.95,11.5,-0.6,44,11.812485326787902,11.610660328577167,10.940809676296825,10.43576662622978,13.752671427635045
2016-07-12,1742,282000,3034750,11.3,11.3,10.45,10.55,-0.95,91,11.391656884525268,11.41781299610859,10.906826226184057,10.439176577685608,13.728500322520818
2016-07-13,1742,194000,2147400,10.65,11.6,10.6,11.55,1.0,74,11.444437923016846,11.44184699681612,10.962754380428922,10.472335485814396,13.712058810652735
2016-07-14,1742,199000,2242250,11.5,11.5,11.0,11.35,-0.2,67,11.412958615344564,11.425147542849553,10.996427912565538,10.498534426536354,13.694231951704413
2016-07-15,1742,99000,1132000,11.05,11.6,11.05,11.6,0.25,38,11.475305743563043,11.456938898695089,11.048912441907666,10.531413995893478,13.678426427540606
2016-07-18,1742,293000,3260000,11.2,11.35,10.9,11.35,-0.25,59,11.433537162375362,11.437495462568709,11.075093968698303,10.555849399001136,13.660853397898789
2016-07-19,1742,188000,2095700,11.05,11.35,11.0,11.1,-0.25,36,11.322358108250242,11.376132651192579,11.077259710550624,10.572092700523491,13.641526202442948
2016-07-20,1742,99000,1090400,11.0,11.15,10.85,11.15,0.05,46,11.264905405500162,11.335017623703019,11.083584953111439,10.58934366468697,13.622722231103756
2016-07-21,1742,392000,4349800,10.95,11.4,10.9,11.3,0.15,71,11.276603603666775,11.328650783029742,11.102403652840879,10.610557286636613,13.605192252001086
2016-07-22,1742,111000,1240100,11.3,11.3,11.1,11.3,0.0,26,11.284402402444517,11.323441549751607,11.119585943898194,10.631137666139997,13.587794574627493
2016-07-25,1742,93000,1039350,11.6,11.6,11.0,11.2,-0.1,26,11.256268268296344,11.300997631614951,11.126578470515742,10.648118631329847,13.56977348349823
2016-07-26,1742,80000,901900,11.2,11.4,11.15,11.35,0.15,33,11.28751217886423,11.309907153139505,11.14600642960133,10.669070313976718,13.553020476075602
2016-07-27,1742,60000,674700,11.3,11.3,11.2,11.2,-0.15,16,11.258341452576152,11.289924034386868,11.150701522679476,10.684918961320697,13.535261830973145
2016-07-28,1742,150000,1691700,11.35,11.4,11.15,11.2,0.0,37,11.238894301717435,11.273574209952892,11.154988346794305,10.700294514714109,13.517637213380894
2016-07-29,1742,19000,212800,11.2,11.2,11.2,11.2,0.0,7,11.22592953447829,11.260197080870547,11.1589024035948,10.715211096364435,13.500145611770472
2016-08-01,1742,30000,338850,11.1,11.35,11.1,11.35,0.15,9,11.26728635631886,11.27652488434863,11.175519585890903,10.734160018861019,13.483918097719375
2016-08-02,1742,388000,4635150,11.4,12.35,11.4,12.35,1.0,137,11.628190904212573,11.471702178103424,11.277648317552563,10.782394048148749,13.475360225283756
2016-08-03,1742,189000,2269850,11.85,12.25,11.85,12.1,-0.25,65,11.785460602808381,11.585938145720982,11.349157159504514,10.821725569099533,13.464980148111804
2016-08-04,1742,119000,1430750,12.2,12.2,11.8,11.9,-0.2,48,11.823640401872254,11.64304030104444,11.397056536938905,10.853912865544324,13.453168977182658
2016-08-05,1742,14000,168200,12.1,12.1,11.9,11.95,0.05,9,11.865760267914835,11.698851155399996,11.445138577205087,10.886631884483299,13.441824305656752
2016-08-08,1742,47000,559900,11.9,12.0,11.8,11.9,-0.05,11,11.877173511943223,11.735423672599998,11.484691744404644,10.916881678976335,13.430187895802739
2016-08-09,1742,81000,975900,12.15,12.2,11.9,12.0,0.1,45,11.918115674628815,11.783528459399998,11.529501157934675,10.949213569156147,13.41939402489102
2016-08-10,1742,135000,1592600,12.0,12.0,11.6,11.9,-0.1,39,11.91207711641921,11.804705103145453,11.561718448549051,10.977595253658949,13.40792690017486
2016-08-11,1742,19000,222200,11.9,11.9,11.65,11.7,-0.2,13,11.841384744279473,11.785667811664462,11.573742931283917,10.99915957444525,13.395036885833917
2016-08-12,1742,49000,574200,11.7,11.85,11.7,11.7,0.0,13,11.794256496186316,11.770091845907286,11.584721806824446,11.020080184163302,13.382244154620077
2016-08-15,1742,57000,666150,11.65,11.9,11.65,11.65,-0.05,22,11.746170997457543,11.748256964833235,11.590398171448406,11.038883760755441,13.36917061383049
2016-08-16,1742,58000,677000,11.8,11.8,11.6,11.65,0.0,24,11.714113998305029,11.730392062136284,11.595580939148546,11.057126036553786,13.356195741273279
2016-08-17,1742,41000,474950,11.5,11.75,11.5,11.5,-0.15,17,11.642742665536685,11.688502596293324,11.587269553135629,11.070346154865613,13.342186716810838
2016-08-18,1742,55000,636900,11.6,11.8,11.5,11.55,0.05,26,11.611828443691124,11.663320306058175,11.584028722428183,11.084664180093505,13.328660779325473
2016-08-19,1742,22000,253100,11.4,11.55,11.4,11.4,-0.15,16,11.54121896246075,11.615443886774871,11.568026224825733,11.094077189642952,13.31410484891547
2016-08-22,1742,20000,225200,11.4,11.4,11.2,11.2,-0.2,11,11.427479308307166,11.539908634633985,11.536023944406104,11.097239064578984,13.298149340621768
2016-08-23,1742,88000,973400,11.25,11.25,10.95,11.05,-0.15,34,11.301652872204778,11.450834337427805,11.493760992718617,11.095828943248268,13.281182175786887
2016-08-24,1742,95000,1035800,11.0,11.1,10.8,10.8,-0.25,29,11.13443524813652,11.332500821531841,11.43343394987352,11.08699822852444,13.2624562725734
2016-08-25,1742,46000,508350,11.0,11.1,11.0,11.05,0.25,21,11.106290165424346,11.28113703579878,11.400091867275822,11.085893803792366,13.245758489384167
2016-08-26,1742,70000,784100,11.15,11.55,11.05,11.5,0.45,21,11.237526776949563,11.320930302017183,11.408779530990968,11.098255182783639,13.23258295361523
2016-08-29,1742,100000,1156800,11.65,11.8,11.4,11.5,0.0,55,11.325017851299709,11.35348842892315,11.416711745687405,11.110247565387112,13.219506855852096
2016-08-30,1742,188000,2221950,11.75,12.35,11.7,11.85,0.35,66,11.500011900866472,11.443763260028032,11.454388985192848,11.132329727614362,13.209170955053212
2016-08-31,1742,99000,1164000,12.0,12.0,11.6,11.8,-0.05,40,11.600007933910982,11.508533576386572,11.48444211691521,11.15226018350647,13.198535702562245
2016-09-01,1742,82000,958350,11.65,11.8,11.65,11.7,-0.1,28,11.63333862260732,11.543345653407195,11.503186280661714,11.16861062578986,13.18722599914668
2016-09-02,1742,931000,11754400,11.65,12.85,11.65,12.85,1.15,271,12.038892415071548,11.780919170969524,11.620300517125912,11.218801353378222,13.184680897266327
2016-09-05,1742,1199000,16525400,13.0,14.1,13.0,14.1,1.25,417,12.725928276714365,12.202570230793247,11.835926559114963,11.304807283128126,13.191588965966204
2016-09-06,1742,1045000,14746350,14.1,14.65,13.55,14.1,0.0,405,13.183952184476244,12.547557461558112,12.032802510496271,11.388245871691465,13.198444898298535
2016-09-07,1742,572000,7996700,14.7,14.7,13.5,13.65,-0.45,217,13.339301456317497,12.748001559456638,12.173428379148769,11.45576092029769,13.201852861330243
2016-09-08,1742,779000,9985550,13.65,13.65,12.4,12.7,-0.95,322,13.126200970878331,12.739274003191795,12.219217215744528,11.492902385363431,13.198065292565486
2016-09-09,1742,233000,2879000,12.5,12.9,12.0,12.65,-0.05,128,12.967467313918888,12.723042366247833,12.256676588288483,11.527442612666015,13.193928950734803
2016-09-10,1742,174000,2211000,12.25,12.9,12.2,12.75,0.1,101,12.894978209279259,12.727943754202773,12.299574276263398,11.563936863034193,13.190578543559445
2016-09-12,1742,541000,7216950,12.95,14.0,12.6,13.7,0.95,223,13.163318806186172,12.904681253438632,12.421350426153538,11.62769994174959,13.194423233796732
2016-09-13,1742,330000,4429000,13.1,13.9,13.0,13.9,0.2,147,13.408879204124116,13.085648298267971,12.549928649966274,11.695529794234677,13.19974834146619
2016-09-14,1742,2323000,34788450,13.8,15.25,13.8,15.25,1.35,660,14.022586136082744,13.479166789491977,12.784717463012685,11.801633382466477,13.215221938889087
2016-09-19,1742,4383000,63760750,15.7,16.0,13.75,13.75,-1.5,1156,13.93172409072183,13.528409191402526,12.868655074924625,11.85979358000479,13.21925799972766
2016-09-20,1742,795000,10924650,13.3,14.05,13.15,13.7,-0.05,328,13.854482727147886,13.55960752023843,12.940945937974657,11.91472511493002,13.222886241239149
2016-09-21,1742,786000,10652000,13.5,14.0,13.1,13.2,-0.5,266,13.63632181809859,13.494224334740533,12.963472378150774,11.95309152940972,13.222713514890174
2016-09-22,1742,1444000,20531500,13.25,14.5,13.25,14.5,1.3,472,13.92421454539906,13.677092637514981,13.097083475702881,12.029118647934803,13.232353412891003
2016-09-23,1742,739000,10584150,14.5,14.65,14.0,14.1,-0.4,295,13.982809696932707,13.75398488523953,13.184293608250456,12.090936001727794,13.238901689020128
2016-09-26,1742,605000,8434150,13.9,14.4,13.75,13.75,-0.35,156,13.905206464621804,13.753260360650525,13.233485468402591,12.140460300183681,13.242759034763372
2016-09-29,1742,623000,8421200,13.85,14.0,13.35,13.35,-0.4,194,13.720137643081202,13.679940295077703,13.243617166802366,12.176565962864766,13.243568400538743
2016-09-30,1742,1107000,14794650,13.75,13.8,13.05,13.6,0.25,275,13.680091762054134,13.665405695972666,13.274606978384769,12.21905653113746,13.246258450345998
2016-10-03,1742,1080000,13966850,13.4,13.45,12.4,12.55,-1.05,391,13.30339450803609,13.462604660341272,13.21159767591653,12.228935440655745,13.24100366958867
2016-10-04,1742,510000,6330700,12.8,12.8,12.3,12.3,-0.25,191,12.96892967202406,13.251221994824677,13.132328312793353,12.231056770785424,13.233901755101208
2016-10-05,1742,188000,2297950,12.3,12.3,12.1,12.25,-0.05,86,12.72928644801604,13.06918163212928,13.055604111680887,12.231622240314216,13.226476081477802
2016-10-06,1742,348000,4382700,12.3,12.85,12.3,12.55,0.3,153,12.669524298677361,12.974784971742139,13.011638536752114,12.24112605403618,13.221370601617592
2016-10-07,1742,387000,4691950,12.3,12.4,12.0,12.0,-0.55,157,12.446349532451574,12.797551340516295,12.923669968338887,12.233928261378383,13.212152710284629
2016-10-11,1742,456000,5261000,12.1,12.15,11.25,11.3,-0.7,166,12.064233021634383,12.525269278604242,12.782481275439853,12.20604980581485,13.197721369074934
2016-10-12,1742,157000,1786700,11.2,11.75,11.05,11.7,0.4,80,11.942822014422921,12.375220318858016,12.688352468879865,12.190943841462168,13.18641781157248
2016-10-13,1742,53000,615000,11.45,11.7,11.45,11.6,-0.1,22,11.82854800961528,12.23427116997474,12.593713123759876,12.173303726791655,13.17444484695684
2016-10-14,1742,104000,1193750,11.65,11.65,11.4,11.5,-0.1,49,11.719032006410186,12.100767320888423,12.498607634737278,12.153205108081456,13.161807527357166
2016-10-17,1742,95000,1116300,11.9,11.95,11.6,11.8,0.3,49,11.746021337606791,12.046082353454164,12.437859144760123,12.142661672019324,13.151529734697867
2016-10-18,1742,169000,2034400,11.7,12.3,11.7,12.2,0.4,82,11.897347558404528,12.074067380098862,12.417175740867938,12.144373263899345,13.144348378209582
2016-10-19,1742,86000,1055600,12.1,12.4,12.1,12.2,0.0,48,11.998231705603018,12.096964220080887,12.398290893835943,12.14603376348444,13.137221220638189
2016-10-20,1742,59000,713400,11.95,12.2,11.95,12.1,-0.1,32,12.032154470402013,12.09751618006618,12.372352555241513,12.144659621290874,13.129393135954126
2016-10-21,1742,40000,486450,12.15,12.2,12.15,12.15,0.05,17,12.071436313601343,12.10705869278142,12.353017550437903,12.144819035580698,13.122001489645038
2016-10-24,1742,49000,591800,12.15,12.25,12.0,12.0,-0.15,28,12.047624209067562,12.08759347591207,12.322320372138954,12.140496079294707,13.113533553874133
2016-10-25,1742,69000,831650,11.95,12.2,11.9,12.1,0.1,30,12.06508280604504,12.089849207564422,12.302988165866001,12.139287241106805,13.105884244033573
2016-10-26,1742,35000,426700,12.2,12.3,12.1,12.1,0.0,17,12.076721870696694,12.091694806189071,12.285337021008088,12.13811448764093,13.09829266483332
2016-10-27,1742,39000,473950,12.1,12.2,12.1,12.2,0.1,19,12.117814580464463,12.11138665960924,12.277916410485645,12.139961816368066,13.091513097551559
2016-10-28,1742,370000,4839950,13.0,13.35,12.8,12.9,0.7,220,12.378543053642975,12.25477090331665,12.332010635660806,12.162649523342154,13.090067715683245
2016-10-31,1742,106000,1358200,12.85,13.0,12.5,12.8,-0.1,54,12.51902870242865,12.353903466349987,12.37270536299465,12.181674910705075,13.087878525376203
2016-11-01,1742,114000,1432350,12.95,12.95,12.4,12.45,-0.35,70,12.496019134952434,12.371375563377262,12.379426635777723,12.189684614863133,13.083064347826193
2016-11-02,1742,91000,1147400,12.45,12.85,12.45,12.5,0.05,49,12.497346089968289,12.394761824581396,12.389911276144877,12.198947760688114,13.078663862182221
2016-11-03,1742,93000,1132000,12.4,12.45,12.1,12.2,-0.3,29,12.398230726645526,12.359350583748414,12.373397252132278,12.198979170816827,13.07203243680726
2016-11-04,1742,21000,257550,12.5,12.5,12.1,12.25,0.05,12,12.34882048443035,12.339468659430521,12.362667056294688,12.20050218064319,13.065828418416263
2016-11-07,1742,67000,809500,12.25,12.25,12.0,12.05,-0.2,31,12.2492136562869,12.286837994079518,12.33547861661689,12.19600957823593,13.05816178884331
2016-11-08,1742,55000,667250,12.3,12.3,12.1,12.1,0.05,14,12.199475770857934,12.252867449701423,12.315002215171942,12.193143620676649,13.050930379116192
2016-11-09,1742,128000,1523100,12.1,12.2,11.7,11.7,-0.4,58,12.032983847238622,12.152346095210255,12.26152376167873,12.178422915581823,13.04073467814173
2016-11-10,1742,40000,474750,11.8,12.0,11.8,11.85,0.15,15,11.971989231492415,12.0973740778993,12.225739086750144,12.168619246459977,13.031748001325566
2016-11-11,1742,44000,522800,11.85,12.0,11.8,11.8,-0.05,14,11.914659487661611,12.043306063735791,12.188718296597958,12.157615686864157,13.022451789994808
2016-11-14,1742,116000,1370650,11.8,11.95,11.7,11.85,0.05,40,11.893106325107741,12.00815950669292,12.159264531676397,12.148433129047316,13.01360309724013
2016-11-15,1742,125000,1484100,11.8,12.0,11.65,11.9,0.05,47,11.895404216738495,11.988494141839661,12.136719789791494,12.141017214747396,13.005198545562846
2016-11-16,1742,90000,1074400,12.0,12.1,11.9,11.9,0.0,36,11.89693614449233,11.972404297868813,12.116135460244408,12.133822671023594,12.99685742446426
2016-11-17,1742,103000,1205950,11.8,11.8,11.6,11.6,-0.3,50,11.797957429661553,11.904694425529028,12.071254115875329,12.117887665918412,12.986315104279624
2016-11-18,1742,96000,1092100,11.6,11.6,11.3,11.35,-0.25,46,11.648638286441034,11.803840893614659,12.008536366668778,12.09496564604025,12.973965556322797
2016-11-21,1742,103000,1160150,11.35,11.4,11.1,11.15,-0.2,49,11.482425524294023,11.684960731139267,11.93388103043671,12.066757716307706,12.960199778539229
2016-11-22,1742,235000,2871700,11.9,12.25,11.85,12.25,1.1,100,11.738283682862681,11.7876951436594,11.961369636485692,12.072227635223893,12.95483978021063
2016-11-23,1742,217000,2623300,12.2,12.35,11.9,11.95,-0.3,112,11.808855788575121,11.817205117539508,11.960380972443458,12.068579049097806,12.94725608375621
2016-11-24,1742,97000,1151850,11.9,12.3,11.8,11.8,-0.15,49,11.805903859050082,11.814076914350506,11.946434800926635,12.06056176405011,12.938597547275032
2016-11-25,1742,98000,1145350,11.9,11.9,11.6,11.6,-0.2,47,11.737269239366722,11.77515383901405,11.916310035628667,12.046813651690405,12.92849492427673
2016-11-28,1742,124000,1419250,11.5,11.6,11.3,11.35,-0.25,54,11.608179492911148,11.697853141011496,11.867065684704436,12.026013244177259,12.916581755036907
2016-11-29,1742,103000,1177350,11.4,11.65,11.4,11.45,0.1,51,11.555452995274099,11.652788933554861,11.83079910342579,12.008818818977938,12.905513213489458
2016-11-30,1742,170000,1910950,11.45,11.45,11.1,11.3,-0.15,90,11.470301996849399,11.588645491090341,11.784642659649634,11.987660048262178,12.893396132632933
2016-12-01,1742,119000,1350400,11.45,11.5,11.25,11.25,-0.05,46,11.3968679978996,11.52707358361937,11.738151993593144,11.965640345328978,12.880993142952684
2016-12-02,1742,71000,796550,11.3,11.3,11.2,11.2,-0.05,29,11.331245331933067,11.467605659324938,11.691356168063304,11.942785409647517,12.868306402251156
2016-12-05,1742,44000,502850,11.3,11.55,11.3,11.4,0.2,25,11.354163554622044,11.455313721265858,11.666020849101278,11.9265828601058,12.857224844498317
2016-12-06,1742,84000,947100,11.45,11.45,11.2,11.2,-0.2,31,11.302775703081362,11.408893044672066,11.625497297005515,11.904893819505627,12.844717487181349
2016-12-07,1742,42000,476550,11.3,11.5,11.25,11.4,0.2,25,11.335183802054242,11.407276127458964,11.605888836396339,11.889822362206951,12.833813958976206
2016-12-08,1742,70000,794350,11.4,11.45,11.3,11.35,-0.05,23,11.340122534702829,11.396862286102788,11.58363763323144,11.873708261842564,12.822615363059404
2016-12-09,1742,20000,227500,11.45,11.45,11.3,11.35,0.0,13,11.343415023135218,11.388341870447736,11.563321317298271,11.858075179399503,12.811501284847635
2016-12-12,1742,58000,653700,11.35,11.35,11.25,11.25,-0.1,31,11.312276682090145,11.363188803093601,11.536075985359291,11.83992368150698,12.799716369490294
2016-12-13,1742,89000,993900,11.2,11.25,11.1,11.2,-0.05,39,11.27485112139343,11.333518111622038,11.506851986632396,11.82082148205901,12.787643038399802
2016-12-14,1742,43000,483950,11.2,11.45,11.2,11.25,0.05,26,11.266567414262287,11.318333000418031,11.484517031273057,11.803782034833368,12.776038185279804
2016-12-15,1742,24000,270550,11.2,11.3,11.2,11.3,0.05,8,11.277711609508192,11.314999727614753,11.468472072031922,11.78874376513685,12.764898274447503
2016-12-16,1742,42000,469250,11.3,11.3,11.1,11.1,-0.2,23,11.218474406338794,11.275908868048434,11.436431022290016,11.768184249759631,12.752333004451673
2016-12-19,1742,65000,716950,11.1,11.2,11.0,11.1,0.0,41,11.178982937559196,11.243925437494173,11.407176150786537,11.748238451259343,12.739862566682227
2016-12-20,1742,140000,1608100,11.0,11.7,11.0,11.5,0.4,77,11.285988625039463,11.29048444885887,11.415247789848577,11.740828348236677,12.730505113348777
2016-12-21,1742,49000,559100,11.5,11.5,11.35,11.35,-0.15,29,11.307325750026308,11.301305458157257,11.409574068992178,11.729161830378866,12.720086206832937
2016-12-22,1742,69000,789000,11.25,11.55,11.25,11.25,-0.1,45,11.288217166684205,11.291977193037756,11.395698062992858,11.714858492158601,12.708991216592688
2016-12-23,1742,38000,433850,11.4,11.6,11.3,11.3,0.05,21,11.29214477778947,11.293435885212709,11.387376492297827,11.702474656571777,12.698357320618404
2016-12-26,1742,6000,67850,11.3,11.4,11.25,11.25,-0.05,5,11.278096518526313,11.28553845153767,11.375430710358886,11.688967950405456,12.687426321972227
2016-12-27,1742,26000,290500,11.2,11.3,11.1,11.1,-0.15,16,11.218731012350876,11.25180418762173,11.351480213805939,11.671386817557531,12.675445745957342
2016-12-28,1742,90000,997850,11.05,11.2,11.0,11.2,0.1,43,11.21248734156725,11.242385244417779,11.338308021301074,11.657315569272232,12.664310306365211
2016-12-29,1742,29000,321950,11.1,11.2,11.05,11.1,-0.1,14,11.174991561044834,11.21649701816,11.317585584666197,11.640679283622314,12.652504190845473
2016-12-30,1742,61000,679650,11.1,11.25,11.1,11.1,0.0,34,11.14999437402989,11.195315742130909,11.298665099043049,11.624539603514185,12.640787178084375
2017-01-03,1742,82000,904150,11.1,11.1,11.0,11.0,-0.1,36,11.099996249353259,11.159803789016198,11.272694220865393,11.605896630274955,12.628403878627134
2017-01-04,1742,41000,455600,11.0,11.2,11.0,11.2,0.2,17,11.133330832902173,11.167112191013253,11.266372984268402,11.593780312953315,12.617623471995985
2017-01-05,1742,80000,889400,11.0,11.3,11.0,11.15,-0.05,45,11.138887221934782,11.164000883556298,11.25625359433202,11.58053313943232,12.606547068433752
2017-01-06,1742,88000,974200,11.15,11.15,11.0,11.15,0.0,34,11.142591481289855,11.161455268364245,11.247014151346626,11.567681403926878,12.5955542603701
2017-01-09,1742,81000,891550,11.0,11.1,10.95,10.95,-0.2,27,11.078394320859903,11.123008855934382,11.221186833838223,11.549243153063388,12.583134982933345
2017-01-10,1742,96000,1051950,10.85,11.15,10.85,11.0,0.05,48,11.052262880573268,11.100643609400858,11.201953196113159,11.532847835061496,12.571186794382905
2017-01-11,1742,75000,823200,10.9,11.2,10.85,11.0,0.0,27,11.03484192038218,11.082344771327975,11.184392048625059,11.516941929537271,12.559328780840392
2017-01-12,1742,77000,851150,11.0,11.15,11.0,11.0,0.0,34,11.023227946921454,11.067372994722888,11.168357957440271,11.501510827163024,12.54756026173971
2017-01-13,1742,70000,782450,11.1,11.3,11.0,11.15,0.15,40,11.065485297947635,11.082396086591453,11.16676161331503,11.491017966650695,12.537012637122807
2017-01-16,1742,123000,1362400,11.25,11.25,11.0,11.0,-0.15,39,11.043656865298423,11.067414979938462,11.15226060346155,11.476360713914854,12.525412541748295
2017-01-17,1742,74000,816100,11.0,11.1,11.0,11.0,0.0,23,11.029104576865615,11.055157710858742,11.139020550986633,11.462140991111426,12.513899994263403
2017-01-18,1742,219000,2520250,11.0,12.0,11.0,11.4,0.4,122,11.152736384577077,11.117856308884425,11.16171441611823,11.460286036152876,12.505493201853868
2017-01-19,1742,238000,2680050,11.1,11.4,11.1,11.2,-0.2,83,11.168490923051385,11.132791525450893,11.16504359732534,11.452516303730402,12.495640422971952
2017-01-20,1742,82000,936100,11.35,11.55,11.3,11.3,0.1,41,11.212327282034257,11.163193066278003,11.176778936688354,11.447963578245913,12.486616721666504
2017-01-23,1742,110000,1252350,11.3,11.6,11.25,11.55,0.25,48,11.324884854689506,11.233521599682003,11.209232942193715,11.451009441581856,12.479547916219964
2017-01-24,1742,434000,5142150,11.85,12.15,11.6,11.9,0.35,175,11.516589903126338,11.354699490648912,11.269299642872523,11.464412144818219,12.475173969682455
2017-02-02,1742,1243000,15919150,12.1,13.05,12.1,13.05,1.15,393,12.027726602084226,11.662935946894564,11.424143152187956,11.511743125569915,12.47951227934523
2017-02-03,1742,1121000,14490950,13.0,13.6,12.55,12.6,-0.45,342,12.218484401389484,11.83331122927737,11.526391573736829,11.544228405403649,12.480421620633189
2017-02-06,1742,167000,2121300,12.95,13.0,12.6,12.65,0.05,77,12.362322934259655,11.981800096681486,11.624096654281452,11.577236512705033,12.481701457458598
2017-02-07,1742,200000,2463450,12.6,12.6,12.05,12.2,-0.45,97,12.308215289506437,12.02147280637576,11.674175206083065,11.595826467549658,12.479575408723061
2017-02-08,1742,98000,1191350,12.3,12.35,12.1,12.15,-0.05,54,12.255476859670958,12.044841387034714,11.71555127511932,11.612368961055639,12.477088047147793
2017-02-09,1742,189000,2262450,12.2,12.2,11.85,11.95,-0.2,94,12.153651239780638,12.027597498482947,11.73593812076112,11.62244749953159,12.473110024150452
2017-02-10,1742,117000,1420550,11.95,12.7,11.95,12.05,0.1,61,12.119100826520425,12.031670680576957,11.763247849390588,11.635210260739603,12.469916740949317
2017-02-13,1742,99000,1204250,12.55,12.55,12.05,12.05,0.0,55,12.096067217680284,12.03500328410842,11.788182819008798,11.647592044001108,12.466747557998756
2017-02-14,1742,104000,1256500,12.25,12.25,12.0,12.1,0.05,38,12.097378145120189,12.04682086881598,11.815297356486294,11.661096759105552,12.463979651900653
2017-02-15,1742,155000,1866500,12.1,12.2,11.95,11.95,-0.15,64,12.048252096746792,12.029217074485802,11.827010629835312,11.669720736445685,12.460100560188195
2017-02-16,1742,160000,1906550,11.95,12.0,11.85,11.9,-0.05,61,11.998834731164528,12.005723060942929,11.833357531588764,11.676594744312977,12.455873386149038
2017-02-17,1742,64000,765550,11.9,12.05,11.9,12.0,0.1,26,11.999223154109686,12.004682504407851,11.847848181015827,11.68624863254244,12.45243283229131
2017-02-18,1742,135000,1628300,12.0,12.2,11.95,12.1,0.1,71,12.032815436073124,12.022012958151878,11.869774426144886,11.698599419630726,12.449772961858923
2017-02-20,1742,275000,3340600,12.0,12.7,11.9,12.5,0.4,104,12.18854362404875,12.108919693033355,11.924576649958373,11.722521825014883,12.450152033844892
2017-02-21,1742,529000,6763800,12.55,13.2,12.3,12.75,0.25,248,12.375695749365834,12.225479748845473,11.996352593440253,11.753192815312946,12.452415037363044
2017-02-22,1742,761000,9887700,12.5,13.2,12.45,13.0,0.25,233,12.583797166243889,12.36630161269175,12.083626280967188,11.790410940228977,12.456547754062191
2017-02-23,1742,278000,3571600,12.95,13.0,12.65,12.7,-0.3,95,12.622531444162592,12.426974046747794,12.137223995665693,11.817562852460949,12.458385129503231
2017-02-24,1742,177000,2273050,12.8,12.95,12.7,12.8,0.1,69,12.681687629441727,12.494796947339104,12.194856691694763,11.846889334477039,12.460963354940942
2017-03-01,1742,316000,3929400,12.8,12.8,12.2,12.3,-0.5,106,12.554458419627819,12.459379320550177,12.203999588069133,11.860415025985187,12.459748537167803
2017-03-02,1742,705000,8286750,11.9,11.9,11.35,11.6,-0.7,383,12.236305613085213,12.303128534995599,12.151477884758773,11.852641443119957,12.453259868962762
2017-03-03,1742,286000,3278000,11.5,11.6,11.35,11.6,0.0,124,12.024203742056809,12.175286983178218,12.103523286084096,11.845099907504435,12.446820171838516
2017-03-06,1742,167000,1912100,11.6,11.6,11.4,11.5,-0.1,64,11.849469161371205,12.052507531691269,12.051043000337653,11.834798417728184,12.439674359220867
2017-03-07,1742,149000,1694400,11.5,11.5,11.3,11.4,-0.1,66,11.699646107580804,11.933869798656493,11.994430565525684,11.821819360482566,12.431827760283351
2017-03-08,1742,673000,7504350,11.4,11.4,11.0,11.3,-0.1,238,11.566430738387202,11.818620744355313,11.934045298958234,11.806242663154729,12.423285663979327
2017-03-09,1742,130000,1466250,11.3,11.35,11.2,11.25,-0.05,54,11.460953825591469,11.715235154472529,11.874563099048823,11.789638404553095,12.414430677836087
2017-03-10,1742,440000,5117900,11.3,12.0,11.2,11.7,0.45,174,11.540635883727646,11.712465126386615,11.859383699131534,11.786962631282853,12.40903874819204
2017-03-13,1742,809000,9861100,11.65,12.5,11.65,12.45,0.75,295,11.84375725581843,11.846562376134504,11.910741638337488,11.806754791543066,12.40934788971512
2017-03-14,1742,499000,6246900,12.5,12.75,12.2,12.25,-0.2,177,11.979171503878954,11.919914671382775,11.940242365438575,11.81998599179551,12.408145264132363
2017-03-15,1742,48000,585250,12.2,12.35,12.15,12.2,-0.05,23,12.052781002585968,11.970839276585908,11.96282998583522,11.831329693532957,12.406574356478535
2017-03-16,1742,116000,1409400,12.2,12.2,12.1,12.2,0.0,52,12.101854001723979,12.012504862661197,11.98345346532781,11.842334777308093,12.405015304731528
2017-03-17,1742,72000,875350,12.5,12.5,12.1,12.25,0.05,32,12.15123600114932,12.055685796722798,12.006631424864523,11.854503888433225,12.403845377903366
2017-03-20,1742,182000,2231150,12.3,12.5,12.1,12.1,-0.15,61,12.134157334099546,12.06374292459138,12.014750431398042,11.861832130569546,12.401552205239945
2017-03-21,1742,140000,1668900,12.1,12.15,11.75,11.85,-0.25,64,12.03943822273303,12.024880574665675,12.000424306928647,11.861478932642097,12.39738954708719
2017-03-22,1742,68000,800850,11.75,11.8,11.75,11.8,-0.05,32,11.959625481822021,11.983993197453733,11.982996106326155,11.85964374062293,12.392880946731815
2017-03-23,1742,355000,4344250,11.75,12.85,11.7,12.25,0.45,138,12.056416987881347,12.032358070643964,12.006213836210836,11.871296166275977,12.391802599964027
2017-03-24,1742,77000,942000,12.25,12.4,12.0,12.2,-0.05,39,12.104277991920897,12.06283842143597,12.023064806975112,11.881108221014008,12.390355033171845
2017-03-27,1742,143000,1703500,12.15,12.25,11.8,11.85,-0.35,45,12.019518661280598,12.024140526629429,12.008015693325103,11.88017961740165,12.386276881978095
2017-03-28,1742,118000,1393200,11.85,11.9,11.7,11.85,0.0,38,11.963012440853731,11.992478612696805,11.994275198253355,11.879278733300108,12.38222950928392
2017-03-29,1742,48000,563050,11.8,11.85,11.7,11.85,0.0,21,11.92534162723582,11.966573410388296,11.98172952884002,11.8784047412613,12.37821268279876
2017-03-30,1742,133000,1560600,11.95,11.95,11.7,11.7,-0.15,50,11.850227751490547,11.918105517590424,11.957231308940887,11.873079226596783,12.373094096513485
2017-03-31,1742,122000,1412700,11.6,11.7,11.55,11.7,0.0,63,11.80015183432703,11.87844996893762,11.934863369032984,11.867912682519266,12.3680141410681
2017-04-05,1742,47000,552900,11.6,11.85,11.6,11.75,0.05,27,11.78343455621802,11.85509542913078,11.918788293464898,11.864392900951527,12.363349883399662
2017-04-06,1742,61000,719300,11.7,11.9,11.65,11.8,0.05,27,11.788956370812015,11.845078078379728,11.908458876641863,11.862470724803721,12.359098186166458
2017-04-07,1742,114000,1334900,11.7,11.9,11.6,11.75,-0.05,48,11.775970913874676,11.827791155037959,11.894679843890396,11.859113389734953,12.354501218723692
2017-04-10,1742,54000,628750,11.65,11.8,11.6,11.8,0.05,27,11.783980609249785,11.82273821775833,11.886446813986883,11.857348810936895,12.3503163038654
2017-04-11,1742,73000,853350,11.65,11.8,11.6,11.65,-0.15,32,11.739320406166524,11.791331269074997,11.865886221466285,11.85115929419251,12.345030897798491
2017-04-12,1742,50000,583600,11.6,11.75,11.6,11.65,0.0,19,11.70954693744435,11.765634674697724,11.847113506556173,11.845154539141987,12.33978538158869
2017-04-13,1742,61000,710850,11.65,11.7,11.6,11.7,0.05,29,11.7063646249629,11.753701097479956,11.834321027725201,11.840821567824316,12.33495681267104
2017-04-14,1742,55000,641950,11.7,11.9,11.6,11.6,-0.1,29,11.670909749975266,11.725755443392691,11.813945286183879,11.833632864307171,12.329409968801825
2017-04-17,1742,153000,1728550,11.6,11.6,11.2,11.3,-0.3,62,11.547273166650177,11.648345362775839,11.769254391733107,11.817703525074121,12.32164083696181
2017-04-18,1742,104000,1162600,11.3,11.3,11.05,11.2,-0.1,51,11.431515444433451,11.566828024089322,11.719754009843271,11.79926461387788,12.313175623097948
2017-04-19,1742,173000,1907700,11.05,11.2,11.0,11.1,-0.1,61,11.321010296288968,11.481950201527626,11.665862356813422,11.778391043314361,12.304019580659473
2017-04-20,1742,43000,485550,11.3,11.3,11.2,11.2,0.1,13,11.280673530859312,11.430686528522603,11.625352586655733,11.76112563903632,12.295687357409212
2017-04-21,1742,70000,792400,11.0,11.4,11.0,11.3,0.1,33,11.287115687239542,11.406925341518493,11.597061057381321,11.747360694587476,12.28817273584386
2017-04-24,1742,37000,415300,11.1,11.25,11.1,11.2,-0.1,12,11.258077124826361,11.369302552151494,11.56253400891338,11.73102156937591,12.279960111422398
2017-04-25,1742,198000,2247400,11.15,11.7,11.15,11.2,0.0,53,11.238718083217574,11.338520269942132,11.531009312486129,11.715170179245286,12.27180946907204
2017-04-26,1742,122000,1354800,11.2,11.2,11.05,11.15,-0.05,44,11.209145388811717,11.30424385722538,11.497878067922118,11.698299427626024,12.263342982513006
2017-04-27,1742,51000,562450,11.05,11.1,11.0,11.0,-0.15,29,11.139430259207812,11.248926792275311,11.454584322885411,11.67745466859241,12.25380831849404
2017-04-28,1742,162000,1787400,11.0,11.3,11.0,11.05,0.05,53,11.109620172805208,11.21275828458889,11.419403077417115,11.658724678485175,12.244722972694085
2017-05-02,1742,59000,650300,11.05,11.15,10.95,11.05,0.0,32,11.089746781870138,11.183165869209093,11.387281070685193,11.640553792560244,12.235706195541676
2017-05-03,1742,132000,1455950,11.05,11.3,10.85,10.95,-0.1,62,11.043164521246759,11.14077207480744,11.349256629756045,11.61994024651367,12.226002752556456
2017-05-04,1742,44000,483950,11.0,11.2,10.9,10.95,0.0,30,11.012109680831172,11.106086243024269,11.314538661951172,11.599942030199829,12.2163725431032
2017-05-05,1742,75000,819800,11.0,11.15,10.8,10.9,-0.05,46,10.97473978722078,11.068616017019856,11.278491821781504,11.579048238253565,12.20643765598544
2017-05-08,1742,243000,2547150,10.85,10.9,10.0,10.5,-0.4,96,10.81649319148052,10.96523128665261,11.210796880757025,11.546837843081816,12.193558881223286
2017-05-09,1742,86000,890800,10.55,10.55,10.15,10.5,0.0,60,10.710995460987013,10.8806437799885,11.148988456343371,11.515588952243553,12.180777304761223
2017-05-10,1742,72000,752050,10.35,10.55,10.3,10.45,-0.05,34,10.623996973991341,10.80234491089968,11.088206851443948,11.483780326803446,12.16771483453661
2017-05-11,1742,175000,1788250,10.3,10.4,10.05,10.35,-0.1,61,10.532664649327561,10.720100381645194,11.024014951318387,11.449936137943642,12.153996232011806
2017-05-12,1742,72000,744900,10.3,10.45,10.2,10.45,0.1,36,10.505109766218373,10.670991221346068,10.974100607725484,11.420087298005026,12.141135883090962
2017-05-15,1742,168000,1770650,10.55,10.95,10.4,10.6,0.15,50,10.536739844145583,10.658083726555873,10.94157012009718,11.395607080154129,12.129504668878955
2017-05-16,1742,113000,1174500,10.6,10.6,10.3,10.4,-0.2,32,10.491159896097056,10.611159412636622,10.894477066175687,11.365887465821169,12.116451803453453
2017-05-17,1742,59000,601850,10.3,10.3,10.1,10.2,-0.2,25,10.394106597398038,10.5364031557936,10.834087756073453,11.331084854901134,12.101988016257577
2017-05-18,1742,18000,183850,10.2,10.25,10.2,10.2,0.0,11,10.329404398265359,10.47523894564931,10.778949690327936,11.297321127889159,12.087633389719784
2017-05-19,1742,41000,421300,10.25,10.4,10.2,10.35,0.15,30,10.336269598843572,10.452468228258526,10.741649717255942,11.269042885265602,12.074519175457748
2017-05-22,1742,34000,351450,10.45,10.45,10.2,10.25,-0.1,13,10.307513065895714,10.415655823120613,10.698897567929338,11.238623694660658,12.060749219416557
2017-05-23,1742,47000,478750,10.25,10.25,10.15,10.15,-0.1,24,10.255008710597142,10.367354764371411,10.651167344631135,11.206127464969295,12.046328470590772
2017-05-24,1742,88000,892200,10.15,10.25,10.1,10.15,0.0,42,10.220005807064762,10.327835716303882,10.607587575532776,11.174601271985138,12.032016557605182
2017-05-25,1742,84000,854550,10.2,10.3,10.15,10.15,0.0,38,10.196670538043175,10.295501949703176,10.567797351573404,11.144016159388567,12.017812659057219
2017-05-26,1742,161000,1617100,10.0,10.15,10.0,10.1,-0.05,68,10.164447025362117,10.259956140666235,10.527119321001804,11.112851497914281,12.003338601253013
2017-05-31,1742,395000,4365350,10.25,11.1,10.25,11.1,1.0,132,10.476298016908078,10.412691387817828,10.576935032219039,11.11246787111087,11.996520951432236
2017-06-01,1742,2276000,27571300,12.0,12.2,11.75,12.2,1.1,542,11.050865344605386,10.737656590032769,10.718071116373904,11.14493151674935,11.998056642364823
2017-06-02,1742,788000,9445450,11.7,12.3,11.6,12.0,-0.2,256,11.367243563070257,10.967173573663175,10.829543193210956,11.170455949085191,11.9980713092149
2017-06-03,1742,372000,4584950,11.9,12.7,11.9,12.35,0.35,157,11.694829042046837,11.21859656026987,10.961756828583916,11.205666219261753,12.00072737480573
2017-06-05,1742,805000,9958150,12.35,12.8,11.95,12.75,0.4,262,12.046552694697892,11.49703354931171,11.11725623479401,11.251765735104685,12.006382262543045
2017-06-06,1742,307000,3839550,12.7,12.7,12.3,12.4,-0.35,129,12.164368463131929,11.661209267618673,11.228799170898878,11.286041384803053,12.00935296244838
2017-06-07,1742,88000,1084900,12.3,12.5,12.25,12.3,-0.1,50,12.209578975421286,11.777353037142552,11.321947069081585,11.316308806152215,12.01154652499594
2017-06-08,1742,143000,1765250,12.7,12.7,12.2,12.25,-0.05,44,12.223052650280858,11.863288848571178,11.402647323944056,11.344180185073045,12.013346173863894
2017-06-09,1742,142000,1708100,12.15,12.25,11.95,11.95,-0.3,54,12.132035100187238,11.879054512467327,11.450243208818485,11.362264358652954,12.012868089532846
2017-06-12,1742,88000,1043400,11.95,11.95,11.75,11.75,-0.2,47,12.004690066791492,11.855590055655085,11.476309016747312,11.37383855690212,12.010884179423165
2017-06-13,1742,115000,1373500,11.7,12.05,11.7,12.05,0.3,43,12.019793377860994,11.890937318263251,11.526195189204067,11.394022480576684,12.011179393163367
2017-06-14,1742,119000,1449250,12.15,12.3,12.0,12.0,-0.05,61,12.013195585240663,11.910766896760842,11.567395607534149,11.4121113617535,12.011095020384776
2017-06-15,1742,103000,1217900,11.9,11.95,11.75,11.8,-0.2,36,11.942130390160441,11.890627460986144,11.587622076444223,11.423690127074291,12.009501850419607
2017-06-16,1742,95000,1118850,11.8,11.95,11.75,11.75,-0.05,33,11.878086926773628,11.865058831715936,11.601741895883857,11.433430720295954,12.007543345888138
2017-06-19,1742,98000,1140000,11.65,11.75,11.5,11.65,-0.1,33,11.80205795118242,11.825957225949402,11.60593825276352,11.439895474913985,12.004844905541812
2017-06-20,1742,332000,3750450,11.6,11.6,10.95,11.2,-0.45,114,11.601371967454947,11.712146821231329,11.570639274262344,11.43273441596133,11.998770604367913
2017-06-21,1742,133000,1486700,11.2,11.3,11.05,11.15,-0.05,65,11.450914644969965,11.609938308280178,11.534061946065618,11.42429458264905,11.99236478848589
2017-06-22,1742,61000,682650,11.25,11.3,11.1,11.15,0.0,29,11.35060976331331,11.526313161320145,11.50066525510339,11.416106684659526,11.98600731838411
2017-06-23,1742,88000,972500,11.2,11.2,11.0,11.2,0.05,27,11.30040650887554,11.466983495625573,11.474520450311791,11.409655738848794,11.980075187679324
2017-06-26,1742,80000,890200,11.0,11.2,11.0,11.2,0.0,27,11.266937672583692,11.41844104187547,11.450649106806418,11.403397358584652,11.97418782777231
2017-06-27,1742,140000,1550900,11.2,11.2,11.0,11.05,-0.15,50,11.194625115055794,11.351451761534475,11.415810054040643,11.392848183701528,11.967212825298557
2017-06-28,1742,60000,661100,11.05,11.1,11.0,11.05,0.0,34,11.14641674337053,11.296642350346389,11.384000484124066,11.382613909561183,11.960290464352907
2017-06-29,1742,191000,2151000,11.0,11.45,11.0,11.35,0.3,75,11.214277828913687,11.3063437411925,11.38104392028719,11.381640360022043,11.955684498584207
2017-06-30,1742,61000,682450,11.25,11.25,11.1,11.2,-0.15,24,11.209518552609124,11.287008515521135,11.365300970697,11.376218259722878,11.949981219349608
2017-07-03,1742,72000,810500,11.45,11.45,11.15,11.15,-0.05,20,11.18967903507275,11.262097876335474,11.34657914715813,11.369465475850554,11.943943625241308
2017-07-04,1742,38000,424350,11.15,11.2,11.15,11.15,0.0,14,11.1764526900485,11.241716444274479,11.329485308274814,11.362914267616208,11.937951597880996
2017-07-05,1742,23000,257750,11.15,11.3,11.15,11.25,0.1,15,11.200968460032334,11.243222545315483,11.322573542337873,11.359543692463486,11.932759510349818
2017-07-06,1742,93000,1043050,11.4,11.4,11.1,11.1,-0.15,39,11.167312306688222,11.217182082530849,11.303219321265015,11.351796119554129,11.926474532913216
2017-07-07,1742,65000,723350,11.2,11.3,11.1,11.15,0.05,22,11.161541537792148,11.20496715843433,11.289895902024579,11.345772354791318,11.920614347759155
2017-07-10,1742,125000,1380300,11.15,11.15,11.0,11.0,-0.15,34,11.107694358528098,11.167700402355361,11.264687562718095,11.335450791961726,11.913666314945878
2017-07-11,1742,56000,611750,11.1,11.1,10.85,11.0,0.0,25,11.071796239018733,11.137209420108933,11.241671252916522,11.325437335485256,11.906770720116098
2017-07-12,1742,5000,55000,11.0,11.0,11.0,11.0,0.0,5,11.047864159345822,11.1122622528164,11.220656361358563,11.315722788157338,11.899927167511448
2017-07-13,1742,77000,836500,11.0,11.0,10.8,10.8,-0.2,40,10.965242772897215,11.055487297758873,11.184077547327384,11.300328078063089,11.891625830398155
2017-07-14,1742,60000,653950,10.8,11.15,10.8,10.9,0.1,30,10.943495181931477,11.027216879984532,11.15937515190761,11.288377986180608,11.884141861866848
2017-07-17,1742,58000,638250,11.1,11.25,10.9,10.95,0.05,25,10.945663454620984,11.013177447260071,11.141168616959122,11.278277150772231,11.877091734607475
2017-07-18,1742,39000,428050,11.0,11.0,10.95,11.0,0.05,21,10.96377563641399,11.01078154775824,11.128893085049633,11.269970370152164,11.870472174346286
2017-07-19,1742,66000,719450,10.85,10.95,10.85,10.95,-0.05,25,10.959183757609326,10.999730357256741,11.113337164610535,11.260419015819263,11.8635252145399
2017-07-20,1742,51000,555000,10.9,10.95,10.85,10.85,-0.1,18,10.92278917173955,10.972506655937334,11.090438280731357,11.24816770191421,11.855875967637711
2017-07-21,1742,63000,669950,10.6,10.85,10.5,10.8,-0.05,35,10.881859447826367,10.941141809403273,11.065182778059064,11.234789561558562,11.847907092410257
2017-07-24,1742,73000,775500,10.6,10.7,10.6,10.6,-0.2,29,10.787906298550912,10.879116025875405,11.024732101706102,11.215840619422487,11.838488925675085
2017-07-25,1742,101000,1102300,10.45,11.5,10.45,10.75,0.15,48,10.775270865700607,10.855640384807149,11.000842353731658,11.201934929290472,11.830273914915272
2017-07-26,1742,132000,1412950,10.65,11.0,10.5,10.9,0.15,45,10.816847243800405,10.863705769387668,10.992073453407166,11.192921946326576,11.823252979708364
2017-07-27,1742,60000,657400,10.95,11.05,10.85,10.9,0.0,32,10.84456482920027,10.870304720408091,10.984067066154369,11.18417800763026,11.816285032691697
2017-07-28,1742,22000,239550,10.95,10.95,10.8,10.8,-0.1,6,10.829709886133513,10.857522043970256,10.968061234314858,11.172710007402491,11.808614956973269
2017-07-31,1742,31000,334800,10.65,10.9,10.65,10.9,0.1,22,10.853139924089009,10.865245308702937,10.962142866113567,11.164569410166596,11.801757485599886
2017-08-01,1742,101000,1096500,10.9,11.0,10.7,11.0,0.1,39,10.902093282726005,10.88974616166604,10.965434790799344,11.15965689046013,11.795706485708566
2017-08-02,1742,38000,414400,11.0,11.0,10.75,10.95,-0.05,13,10.918062188484003,10.900701404999486,10.964092635077662,11.153398475819529,11.789323795250388
2017-08-03,1742,18000,196050,10.95,10.95,10.85,10.85,-0.1,8,10.895374792322668,10.891482967726851,10.954171536375258,11.144341804899543,11.78223455905982
2017-08-04,1742,27000,291600,11.25,11.25,10.65,10.8,-0.05,14,10.863583194881778,10.874849700867424,10.940765315820887,11.134062945051795,11.774821468048048
2017-08-07,1742,24000,261350,10.8,11.0,10.8,10.9,0.1,13,10.875722129921186,10.879422482527893,10.937220505749504,11.127075991468159,11.7682190418741
2017-08-08,1742,19000,205700,10.9,10.9,10.8,10.8,-0.1,15,10.850481419947458,10.864982031159185,10.925288287858244,11.117312529036273,11.760911728350523
2017-08-09,1742,46000,494550,10.8,10.9,10.7,10.9,0.1,15,10.866987613298306,10.871348934584788,10.923089306305354,11.11082558787101,11.754414281344104
2017-08-10,1742,79000,841300,10.7,10.85,10.5,10.5,-0.4,27,10.744658408865538,10.803830946478463,10.886298931844019,11.09259198823307,11.744947003749054
2017-08-11,1742,46000,485200,10.45,10.7,10.45,10.7,0.2,20,10.729772272577025,10.784952592573289,10.870099024727148,11.080872824405217,11.73706061126793
2017-08-14,1742,70000,725350,10.7,10.7,10.2,10.2,-0.5,24,10.55318151505135,10.678597575741781,10.811829544316092,11.054578113228942,11.725460153824399
2017-08-15,1742,111000,1138450,10.6,10.6,10.2,10.45,0.25,35,10.5187876767009,10.637034380152366,10.78036610567991,11.036531005371362,11.715834039455913
2017-08-16,1742,102000,1058300,10.25,10.75,10.2,10.2,-0.25,43,10.4125251178006,10.557573583761027,10.7298994877947,11.011559930584157,11.704393782554359
2017-08-17,1742,69000,720000,10.65,10.65,10.3,10.3,0.1,30,10.3750167452004,10.510742023077205,10.692516923638639,10.990319335641347,11.693794584195459
2017-08-18,1742,196000,2082600,10.5,11.1,10.35,10.6,0.3,86,10.450011163466932,10.526970746154076,10.684471973757018,10.978668012189367,11.685539530729832
2017-08-21,1742,36000,380100,10.6,10.6,10.5,10.6,0.0,18,10.500007442311288,10.54024879230788,10.677126584734669,10.967364489437445,11.677346779554512
2017-08-22,1742,96000,1010150,10.6,10.6,10.5,10.5,-0.1,32,10.500004961540858,10.532930830070084,10.661724273018612,10.953413310648267,11.668461143482402
2017-08-23,1742,56000,590800,10.65,10.7,10.5,10.5,0.0,27,10.500003307693905,10.526943406420978,10.647661292756124,10.939878584957274,11.65964256881461
2017-08-24,1742,63000,664550,10.6,10.6,10.35,10.5,0.0,27,10.50000220512927,10.522044605253527,10.634821180342549,10.926747880928698,11.650890549427329
2017-08-25,1742,29000,306400,10.4,10.6,10.35,10.6,0.1,18,10.533334803419514,10.536218313389249,10.63179325161711,10.916994212841274,11.642959299997688
2017-08-28,1742,74000,774950,10.6,10.7,10.4,10.4,-0.2,36,10.488889868946343,10.511451347318475,10.611637316693882,10.901561549771385,11.633578475092046
2017-08-29,1742,69000,723700,10.5,10.6,10.4,10.5,0.1,23,10.492593245964228,10.509369284169662,10.601929723937893,10.88957463783791,11.625023165846068
2017-08-30,1742,139000,1461000,10.5,10.6,10.45,10.6,0.1,50,10.528395497309486,10.525847596138814,10.601761921856337,10.880930618797972,11.61728714195289
2017-08-31,1742,42000,443350,10.8,10.8,10.5,10.5,-0.1,20,10.518930331539657,10.521148033204485,10.59291305908622,10.869559555550271,11.608854786164565
2017-09-01,1742,79000,830350,10.5,10.65,10.45,10.55,0.05,30,10.529286887693106,10.526393845349125,10.589181488730896,10.860020464339815,11.600863429287852
2017-09-04,1742,75000,786500,10.5,10.55,10.4,10.45,-0.1,31,10.502857925128737,10.512504055285648,10.577078750580384,10.84778104749385,11.592177667557378
2017-09-05,1742,60000,632050,10.45,10.6,10.45,10.6,0.15,22,10.53523861675249,10.528412408870075,10.579071902703829,10.840384598314929,11.584689534217322
2017-09-06,1742,58000,609100,10.5,10.55,10.5,10.5,-0.1,20,10.523492411168327,10.523246516348243,10.572196085077408,10.83022386403687,11.576503198110021
2017-09-07,1742,63000,676850,10.55,10.95,10.55,10.65,0.15,43,10.565661607445552,10.546292604284925,10.578961642896765,10.82484404719995,11.569510721143153
2017-09-08,1742,203000,2196550,10.65,10.9,10.65,10.85,0.2,74,10.660441071630368,10.601512130778575,10.60253019568835,10.82559497116413,11.56408045154962
2017-09-11,1742,251000,2731200,11.0,11.1,10.7,10.8,-0.05,66,10.706960714420246,10.63760083427338,10.6197014830198,10.824830942174156,11.558313806632263
2017-09-12,1742,125000,1349550,10.8,11.05,10.7,10.7,-0.1,42,10.704640476280163,10.648946137132766,10.626683962757207,10.821104645392838,11.551835966582209
2017-09-13,1742,53000,571900,11.0,11.0,10.7,10.95,0.25,31,10.786426984186775,10.703683203108627,10.65479840077832,10.824952267918425,11.547293808343852
2017-09-14,1742,140000,1507300,11.0,11.0,10.7,10.7,-0.25,58,10.75761798945785,10.703013529816149,10.658728974623683,10.821222349473098,11.5408991380922
2017-09-15,1742,75000,804250,10.85,10.85,10.65,10.85,0.15,32,10.7884119929719,10.729738342576848,10.675361237699885,10.822081383817185,11.535684804974524
2017-09-18,1742,114000,1219200,10.7,10.85,10.65,10.85,0.0,47,10.808941328647933,10.751604098471967,10.69054721703033,10.82291477534503,11.53050982531434
2017-09-19,1742,105000,1137900,10.85,10.95,10.7,10.75,-0.1,38,10.789294219098622,10.751312444204336,10.695717024245084,10.820738214886969,11.524619185123289
2017-09-20,1742,89000,956900,10.8,10.9,10.6,10.8,0.05,49,10.792862812732414,10.760164727076274,10.704785109093338,10.820119163696313,11.519150361084622
2017-09-21,1742,164000,1744000,10.8,10.85,10.5,10.8,0.0,85,10.795241875154943,10.767407503971498,10.713064664824353,10.819518591645677,11.513722811189643
2017-09-22,1742,155000,1646700,10.8,10.8,10.55,10.6,-0.2,68,10.730161250103295,10.73696977597668,10.703232954839626,10.812965797865209,11.506826789973118
2017-09-25,1742,134000,1398450,10.45,10.6,10.3,10.5,-0.1,58,10.653440833402197,10.693884362162738,10.685560523984007,10.803623535242366,11.499228097218603
2017-09-26,1742,222000,2313950,10.6,10.6,10.3,10.35,-0.15,78,10.552293888934798,10.631359932678604,10.656381347985398,10.790082534190356,11.490554677616954
2017-09-27,1742,73000,768300,10.45,10.6,10.4,10.6,0.25,37,10.568195925956532,10.62565812673704,10.651478622073624,10.784408428692137,11.483833510238712
2017-09-28,1742,101000,1078250,10.8,10.8,10.6,10.7,0.1,43,10.612130617304354,10.639174830966668,10.65569787232809,10.781888774104312,11.477917785633137
2017-09-29,1742,17000,180800,10.7,10.7,10.5,10.7,0.0,11,10.641420411536236,10.650233952609092,10.659550231256082,10.779444333086273,11.472046708005717
2017-09-30,1742,20000,213800,10.7,10.7,10.65,10.7,0.0,14,10.660946941024157,10.659282324861984,10.663067602451205,10.777072860456832,11.466219940398126
2017-10-02,1742,25000,267800,10.75,10.75,10.7,10.75,0.05,13,10.690631294016105,10.67577644761435,10.670626941368491,10.776264715368567,11.460814506885688
2017-10-03,1742,64000,677700,10.75,10.75,10.5,10.7,-0.05,28,10.693754196010737,10.680180729866287,10.673181120379926,10.773988156700849,11.455072510607305
2017-10-05,1742,65000,687000,10.6,10.6,10.5,10.6,-0.1,36,10.66250279734049,10.665602415345143,10.666817544694714,10.76879448038142,11.44861913316876
2017-10-06,1742,96000,1006650,10.6,10.75,10.4,10.7,0.1,54,10.67500186489366,10.671856521646026,10.669702975590827,10.76674091380287,11.442969177446733
2017-10-11,1742,73000,765400,10.7,10.7,10.45,10.5,-0.2,33,10.616667909929108,10.640609881346748,10.654946195104667,10.758778498465471,11.4358524289377
2017-10-12,1742,24000,252100,10.5,10.55,10.45,10.5,0.0,15,10.577778606619406,10.615044448374611,10.641472612921653,10.751053767167994,11.42878939173817
2017-10-13,1742,58000,607950,10.5,10.55,10.4,10.4,-0.1,24,10.518519071079604,10.575945457761046,10.620474994406727,10.740574550237605,11.421024943498638
2017-10-16,1742,86000,894150,10.6,10.6,10.35,10.35,-0.05,42,10.462346047386403,10.534864465440856,10.596955429675708,10.728915608439468,11.412941736377894
2017-10-17,1742,24000,249450,10.5,10.5,10.35,10.4,0.05,16,10.441564031590936,10.510343653542519,10.579828870573472,10.71909723206814,11.405296893084476
2017-10-18,1742,38000,394050,10.35,10.5,10.3,10.4,0.0,20,10.427709354393958,10.490281171080243,10.564191577480127,10.709571941558643,11.397709746721574
2017-10-19,1742,28000,290650,10.4,10.4,10.35,10.35,-0.05,12,10.401806236262638,10.464775503611108,10.545566222916637,10.698838450765848,11.38980250335009
2017-10-20,1742,146000,1540100,10.5,10.85,10.35,10.55,0.2,60,10.451204157508426,10.480270866590907,10.545951768749973,10.694395511937017,11.383464371249335
2017-10-23,1742,26000,274200,10.55,10.9,10.5,10.5,-0.05,15,10.46746943833895,10.483857981756197,10.541955962771715,10.68859266083442,11.376796715617266
2017-10-24,1742,282000,3076900,10.5,11.1,10.4,10.9,0.4,121,10.611646292225966,10.559520166891433,10.573090226878522,10.694903327675183,11.373198249839023
2017-10-25,1742,119000,1294350,10.9,11.0,10.8,10.9,0.0,49,10.707764194817312,10.62142559109299,10.601517163671694,10.701025616401298,11.369626942293069
2017-10-26,1742,24000,258750,10.85,10.85,10.7,10.7,-0.2,13,10.705176129878208,10.6357118472579,10.610080888569808,10.700995000986333,11.364573154049348
2017-10-27,1742,86000,915000,10.7,10.8,10.6,10.8,0.1,28,10.736784086585471,10.665582420483737,10.626595593911563,10.70395037409122,11.360312224584824
2017-10-30,1742,65000,702600,10.8,10.9,10.75,10.75,-0.05,25,10.741189391056981,10.680931071304876,10.637326411832298,10.70532498978999,11.355706094587957
2017-10-31,1742,86000,924500,10.75,10.8,10.7,10.7,-0.05,33,10.727459594037986,10.684398149249445,10.642776289064273,10.705166034870885,11.350757369345784
2017-11-01,1742,41000,436800,10.7,10.7,10.6,10.65,-0.05,14,10.701639729358657,10.678143940295,10.643404437841292,10.703519287561306,11.345468634482797
2017-11-02,1742,504000,5655750,10.65,11.7,10.6,11.3,0.65,138,10.901093152905771,10.791208678423182,10.700499704115963,10.72132468196246,11.345125474977268
2017-11-03,1742,158000,1774750,11.5,11.8,11.1,11.2,-0.1,58,11.000728768603848,10.865534373255331,10.743934512453706,10.735613497426268,11.344030188373665
2017-11-06,1742,178000,1977350,11.2,11.5,11.0,11.2,0.0,42,11.067152512402565,10.926346305390725,10.783592380935993,10.749475781085186,11.342943168084053
2017-11-07,1742,250000,2799100,11.35,11.4,11.0,11.15,-0.05,83,11.09476834160171,10.967010613501502,10.815453913028515,10.761431727918465,11.341486993230589
2017-11-08,1742,199000,2174650,11.1,11.1,10.8,11.1,-0.05,61,11.096512227734474,10.991190501955774,10.840197051026035,10.771538243502988,11.339664449885452
2017-11-09,1742,137000,1488150,11.1,11.1,10.75,10.75,-0.35,37,10.981008151822982,10.947337683418361,10.832353829197684,10.770895310861107,11.335214152150467
2017-11-10,1742,35000,375300,10.7,10.8,10.7,10.8,0.05,27,10.920672101215322,10.920549013705932,10.82954045274571,10.771764107551821,11.331174800058765
2017-11-13,1742,87000,921500,10.8,10.8,10.5,10.6,-0.2,38,10.813781400810214,10.862267374850308,10.80958041337652,10.76663682075923,11.325656499680964
2017-11-14,1742,54000,567450,10.65,10.65,10.45,10.6,0.0,34,10.742520933873475,10.814582397604797,10.791356029604648,10.76166258730373,11.320179846853183
2017-11-15,1742,60000,625250,10.5,10.5,10.4,10.4,-0.2,31,10.628347289248984,10.739203779858471,10.757325070508593,10.750866689175261,11.313235093292027
2017-11-16,1742,208000,2126000,10.4,10.4,10.2,10.2,-0.2,77,10.485564859499322,10.641166728975113,10.708862020899149,10.734422907408835,11.30483331900303
2017-11-17,1742,206000,2118100,10.3,10.55,10.2,10.45,0.25,84,10.47370990633288,10.60640914188873,10.686352279951397,10.72593267136678,11.29838174678414
2017-11-20,1742,85000,887700,10.45,10.55,10.3,10.3,-0.15,28,10.41580660422192,10.550698388818052,10.65275642952084,10.713218263266278,11.290846790204636
2017-11-21,1742,109000,1123500,10.55,10.55,10.25,10.3,0.0,34,10.377204402814614,10.505116863578406,10.622081957388593,10.70088338973594,11.28336870122196
2017-11-22,1742,45000,464400,10.3,10.4,10.3,10.35,0.05,18,10.368136268543076,10.476913797473241,10.598422656746106,10.690409258699047,11.276324409137265
2017-11-23,1742,293000,3000800,10.35,10.35,10.2,10.3,-0.05,88,10.345424179028717,10.444747652478107,10.572472860507315,10.678755250976687,11.26895592303057
2017-11-24,1742,30000,308500,10.3,10.35,10.25,10.35,0.05,15,10.346949452685811,10.427520806572996,10.553127394376244,10.668941661395294,11.262020406630338
2017-11-27,1742,153000,1563400,10.3,10.3,10.15,10.2,-0.15,48,10.29796630179054,10.386153387196087,10.522420664430483,10.65494340284618,11.25400515827841
2017-11-28,1742,40000,412000,10.35,10.35,10.2,10.25,0.05,21,10.281977534527027,10.361398225887708,10.498731911001745,10.642855540074653,11.246427760857442
2017-11-29,1742,128000,1304900,10.25,10.25,10.15,10.15,-0.1,53,10.237985023018018,10.322962184817216,10.468407397001593,10.628143434400782,11.238152834360404
2017-11-30,1742,18000,183500,10.2,10.2,10.15,10.2,0.05,8,10.225323348678678,10.30060542394136,10.445067623349281,10.615363033373892,11.230317718629383
2017-12-01,1742,106000,1074350,10.3,10.3,10.1,10.2,0.0,39,10.216882232452452,10.282313528679294,10.423757395231952,10.602964136855269,11.222541735847274
2017-12-04,1742,27000,274750,10.2,10.2,10.15,10.15,-0.05,15,10.1945881549683,10.258256523464878,10.399952404342217,10.5894428193372,11.214447081237106
2017-12-05,1742,19000,192350,10.15,10.15,10.1,10.15,0.0,14,10.179725436645533,10.238573519198537,10.378217412660286,10.576325123237583,11.206413518359845
2017-12-06,1742,121000,1216900,10.1,10.3,10.0,10.0,-0.15,48,10.119816957763689,10.195196515707893,10.345328941994174,10.559121388215566,11.19730851067411
2017-12-07,1742,61000,623150,10.3,10.3,10.1,10.1,0.1,23,10.113211305175792,10.177888058306458,10.32399599051642,10.54541627214943,11.189026937008645
2017-12-08,1742,16000,161000,10.1,10.1,10.05,10.1,0.0,6,10.10880753678386,10.16372659315983,10.3045180782976,10.532120264025567,11.180807865785939
2017-12-11,1742,63000,635250,10.0,10.1,10.0,10.1,0.0,17,10.10587169118924,10.152139939858042,10.286733897576068,10.519221151666594,11.172650825289441
2017-12-12,1742,148000,1483400,10.1,10.1,10.0,10.1,0.0,40,10.103914460792826,10.142659950792943,10.270496167352062,10.506707087437741,11.164555347362729
2017-12-13,1742,55000,561000,10.2,10.2,10.2,10.2,0.1,18,10.135942973861884,10.153085414285135,10.264366065843188,10.497551651991838,11.157275684363764
2017-12-14,1742,37000,377500,10.1,10.25,10.1,10.2,0.0,15,10.157295315907922,10.161615338960566,10.258769016639432,10.48866951312641,11.150050962217623
2017-12-15,1742,17000,171750,10.1,10.2,10.05,10.15,-0.05,9,10.154863543938614,10.159503459149553,10.249310841279481,10.478559975421145,11.142503407785792
2017-12-18,1742,134000,1343200,10.05,10.1,10.0,10.0,-0.15,32,10.103242362625743,10.13050283021327,10.227631637689962,10.464274603020515,11.13388074055722
2017-12-19,1742,61000,622300,10.15,10.25,10.05,10.2,0.2,33,10.135494908417161,10.143138679265403,10.225228886586487,10.4563858089005,11.126832584024713
2017-12-20,1742,78000,790050,10.2,10.2,10.0,10.2,0.0,21,10.156996605611441,10.153477101217149,10.223035070361576,10.448732501172126,11.119837621126413
2017-12-21,1742,164000,1653850,10.25,10.4,10.0,10.15,-0.05,49,10.154664403740961,10.152844900995849,10.21668419467796,10.439815113077435,11.112518091910365
2017-12-22,1742,90000,913600,10.15,10.2,10.05,10.15,0.0,28,10.153109602493974,10.152327646269331,10.21088556905379,10.431163915672139,11.10525380442425
2017-12-25,1742,51000,519850,10.2,10.25,10.1,10.25,0.1,26,10.185406401662648,10.170086256038543,10.214286823918679,10.425756037592373,11.098799058730481
2017-12-26,1742,60000,610000,10.25,10.25,10.1,10.15,-0.1,21,10.173604267775099,10.16643420948608,10.208696665317055,10.417524514082153,11.091638311117421
2017-12-27,1742,66000,674500,10.1,10.25,10.1,10.25,0.1,24,10.199069511850066,10.181627989579521,10.21228825963731,10.412523782318507,11.085286323863706
2017-12-28,1742,217000,2186450,10.15,10.15,10.0,10.15,-0.1,45,10.182713007900045,10.175877446019609,10.206871889234066,10.404687251503029,11.0782275591553
2017-12-29,1742,55000,557650,10.15,10.15,10.1,10.15,0.0,38,10.171808671933363,10.171172455834226,10.201926507561538,10.39708464698055,11.071222068142808
2018-01-02,1742,316000,3236900,10.25,10.35,10.1,10.3,0.15,44,10.214539114622243,10.194595645682549,10.210454637338795,10.394186597816953,11.065401524232296
2018-01-03,1742,204000,2109750,10.3,10.4,10.3,10.4,0.1,54,10.276359409748162,10.231941891922085,10.226936842787596,10.394360132210476,11.060379625936203
2018-01-04,1742,67000,693050,10.45,10.45,10.3,10.35,-0.05,20,10.300906273165442,10.253407002481707,10.237637986893024,10.393035949159417,11.05501827026876
2018-01-05,1742,34000,351300,10.35,10.35,10.3,10.3,-0.05,14,10.300604182110295,10.261878456575943,10.243060770641456,10.390258756647196,11.049320019172393
2018-01-08,1742,146000,1480650,10.3,10.3,10.0,10.1,-0.2,49,10.233736121406864,10.232446009925772,10.230620703629155,10.381594316150265,11.042155339782413
2018-01-09,1742,94000,973550,10.2,10.65,10.15,10.15,0.05,50,10.205824080937909,10.217455826302904,10.223610207661402,10.3746810529816,11.035422091934999
2018-01-10,1742,78000,796800,10.25,10.35,10.15,10.2,0.05,26,10.203882720625272,10.214282039702375,10.221557146125628,10.369466693191105,11.029117019543037
2018-01-11,1742,21000,213450,10.2,10.2,10.1,10.2,0.0,13,10.202588480416848,10.211685305211034,10.219682611679922,10.364407985931669,11.02285953260309
2018-01-12,1742,86000,870550,10.15,10.2,10.1,10.1,-0.1,46,10.1683923202779,10.191378886081756,10.20927542805558,10.356515210232216,11.015894554998537
2018-01-15,1742,69000,702300,10.3,10.3,10.1,10.15,0.05,19,10.162261546851934,10.183855452248709,10.20412104300727,10.350350577090955,11.009359501753265
2018-01-16,1742,42000,425500,10.15,10.2,10.1,10.1,-0.05,18,10.14150769790129,10.168609006385307,10.195067039267506,10.342877425536,11.002496411173995
2018-01-17,1742,76000,768800,10.15,10.2,10.1,10.1,0.0,27,10.12767179860086,10.156134641587977,10.186800340200767,10.33562735313194,10.995685117504758
2018-01-18,1742,85000,869050,10.25,10.3,10.1,10.15,0.05,30,10.135114532400573,10.155019252208344,10.183600310618091,10.330086238113076,10.989302588316043
2018-01-19,1742,110000,1113050,10.15,10.2,10.05,10.1,-0.05,45,10.12340968826705,10.145015751806827,10.176330718390432,10.323217992199252,10.982590870668375
2018-01-22,1742,339000,3396500,10.1,10.1,10.0,10.05,-0.05,109,10.098939792178033,10.127740160569223,10.165345438530395,10.31506223123808,10.975552449002953
2018-01-23,1742,43000,431050,10.05,10.1,10.0,10.05,0.0,21,10.08262652811869,10.113605585920274,10.155315400397317,10.30714992582799,10.968567147501043
2018-01-24,1742,26000,261100,10.0,10.1,10.0,10.1,0.05,15,10.088417685412459,10.111131843025678,10.150505365580159,10.300966345952526,10.962011923746317
2018-01-25,1742,160000,1601250,10.1,10.2,9.95,10.1,0.0,45,10.092278456941639,10.109107871566463,10.146113594660145,10.294967350550959,10.95550617337842
2018-01-26,1742,239000,2401250,10.1,10.1,10.0,10.0,-0.1,64,10.061518971294426,10.089270076736197,10.133408064689698,10.286162355012124,10.948294806032168
2018-01-29,1742,229000,2310850,10.2,10.25,10.0,10.0,0.0,78,10.041012647529618,10.073039153693252,10.121807363412334,10.277620195161015,10.941137864099849
2018-01-30,1742,298000,2995320,10.3,10.3,9.96,9.98,-0.02,79,10.02067509835308,10.056122943930843,10.109476288333001,10.268736010230835,10.933883993427397
2018-01-31,1742,110000,1098700,10.05,10.05,9.95,10.0,0.02,49,10.013783398902053,10.045918772307054,10.099956611086654,10.260714039776184,10.926835812344926
2018-02-01,1742,62000,619420,10.0,10.0,9.98,10.0,0.0,28,10.009188932601369,10.037569904614863,10.091264731861727,10.25293153112615,10.919840825081945
2018-02-02,1742,65000,648370,10.0,10.0,9.96,9.96,-0.04,34,9.992792621734246,10.023466285593978,10.079850407352012,10.244187306316414,10.912596743383213
2018-02-05,1742,137000,1358860,9.96,9.98,9.86,9.86,-0.1,61,9.948528414489497,9.993745142758709,10.06073298062575,10.232719028515923,10.904652617018057
2018-02-06,1742,196000,1855550,9.76,9.76,9.1,9.16,-0.7,86,9.685685609659664,9.84215511680258,9.982408373614815,10.200697564978135,10.891485427455656
2018-02-07,1742,149000,1373190,9.35,9.35,9.11,9.2,0.04,53,9.523790406439776,9.725399641020292,9.9143728628657,10.17082599587431,10.878719499701274
2018-02-08,1742,111000,1019410,9.22,9.22,9.15,9.16,-0.04,36,9.402526937626517,9.62259970628933,9.84877522261651,10.140652085549704,10.865748031779
2018-02-09,1742,124000,1119750,8.3,9.5,8.3,9.28,0.12,55,9.361684625084344,9.56030885060036,9.79931650760638,10.114960978518369,10.853780122105197
2018-02-12,1742,130000,1212030,9.3,9.4,9.29,9.4,0.12,46,9.374456416722897,9.53116178685484,9.764593333031911,10.093618859756626,10.842808196655348
2018-02-21,1742,64000,603810,9.55,9.7,9.35,9.65,0.25,33,9.466304277815265,9.552768734699415,9.754628695376962,10.08037650573404,10.833805870642854
2018-02-22,1742,75000,713580,9.59,9.59,9.48,9.5,-0.15,33,9.477536185210177,9.543174419299522,9.732487069692008,10.063051833921085,10.823739411241776
2018-02-23,1742,95000,938180,10.0,10.0,9.7,9.8,0.3,45,9.58502412347345,9.589869979426881,9.738357759284007,10.055199540371202,10.816013076062593
2018-02-26,1742,122000,1200120,9.8,9.95,9.62,9.79,-0.01,46,9.653349415648966,9.626257255894721,9.742848388911485,10.047283136181017,10.808269581148913
2018-02-27,1742,94000,919350,9.79,9.85,9.72,9.74,-0.05,33,9.682232943765978,9.646937754822954,9.742600702919182,10.03811050525024,10.800207169215714
2018-03-01,1742,93000,899990,9.75,9.75,9.63,9.7,-0.04,43,9.688155295843986,9.656585435764235,9.738896293969688,10.028017654347247,10.79190371888201
2018-03-02,1742,223000,2171310,9.6,9.94,9.6,9.62,-0.08,84,9.66543686389599,9.649933538352556,9.728557485798412,10.015838022874195,10.783059162513089
2018-03-05,1742,128000,1249550,9.75,9.84,9.66,9.78,0.16,57,9.703624575930661,9.673581985924818,9.733030747902898,10.008798081892877,10.7754889046828
2018-03-13,1742,1231000,20619250,16.75,16.75,16.75,16.75,1.5,295,12.052416383953773,10.960203443029396,10.34320198721569,10.210027989896075,10.82057955445878
2018-03-14,1742,800000,13178100,16.7,16.95,15.9,16.1,-0.65,283,13.401610922635848,11.894711907933143,10.843793118762152,10.385848049899177,10.860424237066638
2018-03-15,1742,192000,3119300,16.1,16.6,16.0,16.1,0.0,90,14.3010739484239,12.65930974285439,11.300854586695879,10.556419749902187,10.899968205088777
2018-03-16,1742,279000,4385250,16.1,16.2,15.2,15.2,-0.9,126,14.600715965615933,13.121253425971773,11.63991070959189,10.695034085726002,10.93242127523905
2018-03-19,1742,648000,9353000,15.5,15.5,14.0,14.4,-0.8,205,14.533810643743955,13.353752803067815,11.879918473975204,10.805630083167017,10.958591680708945
2018-03-20,1742,317000,4563700,14.35,14.65,14.2,14.65,0.25,131,14.572540429162636,13.589434111600939,12.120795128412142,10.920387394117256,10.986451366137556
2018-03-21,1742,77000,1117650,14.25,14.7,14.25,14.55,-0.1,38,14.56502695277509,13.764082454946223,12.332030334637174,11.02873403906898,11.013346072808217
2018-03-22,1742,108000,1565500,14.55,14.6,14.4,14.6,0.05,48,14.576684635183394,13.91606746313782,12.529245088146986,11.135338993126622,11.040415159051173
2018-03-23,1742,112000,1605000,14.45,14.5,14.2,14.3,-0.3,40,14.484456423455596,13.985873378930943,12.683223776134204,11.22980648586911,11.065015799360221
2018-03-26,1742,121000,1738450,14.3,14.55,14.2,14.3,0.0,43,14.422970948970397,14.042987310034409,12.8238130129921,11.321454053455106,11.08943077445939
2018-03-27,1742,75000,1074850,14.35,14.4,14.25,14.25,-0.05,24,14.365313965980265,14.080625980937244,12.947829272731918,11.408873335441521,11.11328412710498
2018-03-28,1742,160000,2266050,14.15,14.35,14.0,14.15,-0.1,54,14.293542643986843,14.093239438948654,13.05236585771175,11.490698011995505,11.136202737466451
2018-03-29,1742,204000,2909950,14.2,14.55,14.15,14.15,0.0,68,14.245695095991229,14.10355954095799,13.14781230486725,11.570080160891163,11.158948377183686
2018-03-30,1742,128000,1824650,14.3,14.3,14.2,14.3,0.15,30,14.26379673066082,14.139275988056538,13.248002539226619,11.651570305342172,11.182654427167206
2018-03-31,1742,688000,10738050,14.35,15.7,14.35,15.7,1.4,187,14.74253115377388,14.423043990228075,13.46121970972865,11.772418952943898,11.216747601301794
2018-04-02,1742,2282000,39114950,16.6,17.25,16.35,17.25,1.55,713,15.57835410251592,14.93703599200479,13.79067886540442,11.935928834945573,11.262281581669328
2018-04-03,1742,978000,16214850,17.0,17.0,16.1,16.2,-1.05,403,15.78556940167728,15.166665811640282,14.000185051021427,12.063214541365108,11.299547381052955
2018-04-09,1742,394000,6150900,15.7,16.0,15.1,15.8,-0.4,189,15.790379601118188,15.28181748225114,14.156690698758695,12.174760375951223,11.333513061195951
2018-04-10,1742,291000,4533150,15.5,15.85,15.35,15.35,-0.45,134,15.643586400745459,15.294214303660024,14.26045672495359,12.269543648310888,11.363826170168057
2018-04-11,1742,223000,3408250,15.2,15.55,15.15,15.5,0.15,104,15.59572426716364,15.331629884812747,14.368243096696757,12.36597518119713,11.39504257643094
2018-04-12,1742,902000,15039550,15.65,17.05,15.65,17.05,1.55,360,16.08048284477576,15.644060814846792,14.601439349157909,12.505796817579306,11.437721500382406
2018-04-13,1742,1165000,19880750,16.8,17.75,16.55,16.7,-0.35,561,16.28698856318384,15.836049757601922,14.783922884013743,12.630996912576938,11.477436809813481
2018-04-16,1742,487000,8245500,17.5,17.5,16.3,16.9,0.2,228,16.491325708789226,16.029495256219754,14.967929589751678,12.758429840559716,11.518361815022436
2018-04-17,1742,218000,3636500,16.9,17.0,16.45,16.7,-0.2,104,16.560883805859483,16.151405209634344,15.118544408034142,12.876088651289276,11.557468518305285
2018-04-18,1742,155000,2591150,16.9,16.9,16.55,16.65,-0.05,54,16.590589203906323,16.242058807882646,15.251714459509433,12.988742721400044,11.595902718167132
2018-04-19,1742,2396000,43274350,16.75,18.3,16.5,18.3,1.65,708,17.160392802604214,16.616229933722167,15.516782767378178,13.147287714791087,11.646499678784739
2018-04-20,1742,6376000,125625700,18.75,20.1,18.5,20.1,1.8,1834,18.14026186840281,17.24964267304541,15.915323396301815,13.354831365095832,11.710299681209005
2018-04-23,1742,1821000,40244100,22.1,22.1,22.1,22.1,2.0,422,19.460174578935206,18.131525823400793,16.45312136184079,13.615881175092971,11.788712513803654
2018-04-24,1742,8538000,199346800,23.0,24.2,22.1,22.4,0.3,3449,20.440116385956802,18.907612037327922,16.970241243419853,13.878093677329002,11.868797702378721
2018-04-25,1742,3856000,93004400,23.1,24.6,22.9,24.6,2.2,1384,21.826744257304536,19.942591666904665,17.633698526600735,14.19815058248336,11.964882248021146
2018-04-26,1742,9997000,262237500,26.1,27.05,24.3,26.2,1.6,4499,23.284496171536357,21.080302272921998,18.378594306896325,14.556414744200273,12.072317098979477
2018-04-27,1742,1754000,41769250,24.05,24.5,23.6,23.6,-2.6,554,23.389664114357572,21.538429132390725,18.832629584557512,14.826372513030115,12.159318479364538
2018-04-30,1742,7497000,164644650,22.1,22.85,21.25,21.6,-2.0,2981,22.793109409571716,21.54962383559241,19.073270490248163,15.028570348462052,12.230568905935371
2018-05-02,1742,3164000,68463700,21.7,22.45,20.6,20.7,-0.9,1418,22.09540627304781,21.395146774575608,19.214725230226584,15.197866755970647,12.294489140607556
2018-05-03,1742,4609000,88203000,21.1,21.4,18.65,18.65,-2.05,1841,20.946937515365207,20.896029179198223,19.16561868846775,15.300915509523762,12.342455260301085
2018-05-04,1742,1882000,34442450,18.65,18.85,18.05,18.05,-0.6,851,19.98129167691014,20.37856932843491,19.06860836773142,15.382977733120068,12.385531069657302
2018-05-07,1742,2108000,40244600,18.9,19.4,18.75,18.95,0.9,931,19.63752778460676,20.118829450537653,19.058294596624343,15.48945600974335,12.435074231395738
2018-05-08,1742,777000,14586400,18.75,19.05,18.5,18.75,-0.2,318,19.34168518973784,19.869951368621717,19.031486370830923,15.586785681094295,12.48273404851728
2018-05-09,1742,810000,15219100,18.75,19.0,18.7,18.7,-0.05,262,19.127790126491895,19.657232937963222,19.00266146901954,15.679717451807898,12.529656810415263
2018-05-10,1742,981000,18376400,18.55,19.2,18.55,18.8,0.1,271,19.018526750994596,19.501372403788093,18.985038732583057,15.772860214440499,12.576980155242317
2018-05-11,1742,2054000,40786050,18.85,20.4,18.8,19.65,0.85,1074,19.229017833996398,19.528395603099348,19.04286145148888,15.88859573042735,12.630361437089546
2018-05-14,1742,742000,14275900,19.65,19.9,18.8,19.05,-0.6,387,19.169345222664266,19.44141458435401,19.043482194837672,15.98296600713101,12.678811539451134
2018-05-15,1742,546000,10453850,19.3,19.7,18.85,19.0,-0.05,249,19.11289681510951,19.361157387198737,19.039701134417005,16.073026723336053,12.726518622172257
2018-05-16,1742,272000,5157600,19.15,19.2,18.85,18.9,-0.1,119,19.041931210073006,19.27731058952624,19.02755320968509,16.15741398532602,12.77311093445775
2018-05-17,1742,404000,7718750,18.95,19.55,18.9,19.0,0.1,171,19.02795414004867,19.226890482339652,19.025157278408127,16.242267299196886,12.820106323631654
2018-05-18,1742,343000,6515100,19.05,19.35,18.9,18.9,-0.1,143,18.985302760032447,19.167455849186986,19.01427403680742,16.321602603698473,12.86599231364198
2018-05-21,1742,391000,7409750,19.0,19.2,18.9,18.9,0.0,135,18.9568685066883,19.11882751297117,19.00433716404156,16.398569690155234,12.911531994293739
2018-05-22,1742,245000,4688500,19.05,19.4,19.0,19.25,0.35,124,19.054579004458866,19.14267705606732,19.025699149777076,16.48368701283717,12.959369488676428
2018-05-23,1742,528000,10134100,19.5,19.55,19.0,19.55,0.3,165,19.21971933630591,19.216735773145988,19.07129052805733,16.575218743797254,13.009110096309058
2018-05-24,1742,362000,7001950,19.25,19.75,19.15,19.4,-0.15,169,19.279812890870605,19.2500565416649,19.09987396040017,16.65954057234062,13.05734322765767
2018-05-25,1742,435000,8367750,19.55,19.55,19.1,19.1,-0.3,162,19.219875260580405,19.222773534089463,19.099884920365373,16.73239010749463,13.102948184430065
2018-05-28,1742,368000,7126100,19.2,19.6,19.15,19.15,0.05,178,19.196583507053603,19.209541982436832,19.10424275337708,16.804557566972402,13.148586311340027
2018-05-29,1742,2690000,55278700,19.2,21.05,19.2,21.05,1.9,639,19.814389004702402,19.54417071290286,19.273439035692117,16.931287191838898,13.208219622197838
2018-05-30,1742,4586000,99307650,21.5,22.35,20.9,22.15,1.1,2084,20.592926003134934,20.01795785601143,19.52357477171889,17.087069663724304,13.275704757124647
2018-05-31,1742,1496000,33077750,21.85,23.0,21.1,21.1,-1.05,766,20.761950668756622,20.21469279128208,19.66065522635203,17.206858628986264,13.334756041976537
2018-06-01,1742,742000,15357550,21.45,21.65,20.3,20.3,-0.8,397,20.607967112504415,20.230203192867155,19.71625042406055,17.29919120722548,13.387323920905015
2018-06-04,1742,474000,9981650,20.35,21.6,20.35,21.1,0.8,302,20.771978075002945,20.388348066891307,19.83657647414224,17.41264818611427,13.445532796973657
2018-06-05,1742,342000,7231450,21.15,21.6,20.8,21.0,-0.1,170,20.847985383335295,20.499557509274705,19.937743737260305,17.51973331488698,13.502547643788951
2018-06-06,1742,277000,5829350,21.05,21.25,20.8,21.05,0.05,127,20.915323588890196,20.59963796213385,20.034461673150712,17.625114409964983,13.55950954836413
2018-06-07,1742,541000,11629150,21.2,21.95,21.2,21.2,0.15,277,21.0102157259268,20.70879469629133,20.135812832007172,17.731827412652596,13.6171736272444
2018-06-08,1742,381000,8218800,21.3,21.8,21.3,21.7,0.5,216,21.240143817284533,20.88901384242018,20.27182910748481,17.850280325707743,13.678176090435008
2018-06-11,1742,2864000,66212350,21.9,23.85,21.9,23.85,2.15,974,22.11009587818969,21.42737496198015,20.58297440248613,18.02937643538811,13.754944572771347
2018-06-12,1742,3210000,77552650,24.0,25.0,23.75,24.0,0.15,1018,22.740063918793126,21.895124968892848,20.88010706313951,18.207604004481002,13.832265745807035
2018-06-13,1742,961000,22485350,24.25,24.4,22.7,22.8,-1.2,460,22.76004261252875,22.059647701821422,21.04705427504042,18.344690452108434,13.899946759046227
2018-06-14,1742,448000,10402850,22.8,23.75,22.8,23.4,0.6,236,22.97336174168583,22.303348119672073,21.25165825112386,18.495595214732063,13.971645274072293
2018-06-15,1742,268000,6153350,23.4,23.6,22.5,23.25,-0.15,142,23.06557449445722,22.47546664336806,21.42542709885222,18.637517745635584,14.041670592758539
2018-06-19,1742,287000,6684750,23.55,23.55,22.95,23.0,-0.25,139,23.043716329638148,22.570836344573866,21.562346481560724,18.767741096512133,14.10928062602074
2018-06-20,1742,307000,6854450,23.0,23.0,22.0,22.3,-0.7,164,22.795810886425432,22.521593372833163,21.626490265772834,18.873181660795353,14.171097376013035
2018-06-21,1742,233000,5244200,22.5,22.85,22.2,22.4,0.1,111,22.66387392428362,22.499485486863495,21.693751981792587,18.978459820174596,14.233202301477087
2018-06-22,1742,233000,5116400,22.4,22.4,21.6,21.9,-0.5,106,22.409249282855747,22.390488125615587,21.711686592071494,19.06566997479625,14.291064925616883
2018-06-25,1742,92000,2031350,21.9,22.4,21.8,22.15,0.25,70,22.322832855237163,22.3467630118673,21.749800801456583,19.157739527787406,14.350377643159398
2018-06-26,1742,302000,6543100,22.15,22.2,21.15,21.5,-0.65,145,22.048555236824775,22.1928061006187,21.728078992634273,19.227657750838528,14.404337057173288
2018-06-27,1742,305000,6485650,21.35,21.55,21.1,21.1,-0.4,124,21.732370157883185,21.99411408232439,21.67346342805738,19.283548564246335,14.454870362402168
2018-06-28,1742,119000,2486800,20.9,21.35,20.15,21.0,-0.1,76,21.488246771922125,21.81336606735632,21.614901390835,19.334785920537488,14.504267567214228
2018-06-29,1742,273000,5636300,20.95,20.95,20.4,20.55,-0.45,122,21.175497847948083,21.583663146018807,21.52230126989283,19.371060967685622,14.549895736518272
2018-07-02,1742,425000,9502300,20.55,22.6,20.55,22.6,2.05,195,21.650331898632057,21.76845166492448,21.616014202945625,19.4674472074562,14.610651240393606
2018-07-03,1742,1058000,23806750,22.0,23.5,21.8,21.8,-0.8,613,21.700221265754706,21.774187725847302,21.632012967906874,19.537075649024672,14.664910476315164
2018-07-04,1742,464000,10515900,22.0,23.1,22.0,22.5,0.7,303,21.966814177169805,21.906153593875064,21.707490101132365,19.62552115203886,14.724043227437313
2018-07-05,1742,241000,5457450,22.9,22.95,22.4,22.6,0.1,126,22.177876118113204,22.032307485897782,21.785099657555637,19.714311565410835,14.783484410626466
2018-07-06,1742,172000,3839050,22.8,22.8,22.05,22.25,-0.35,90,22.20191741207547,22.071887943007276,21.82552577428993,19.790003757488122,14.839835471678342
2018-07-09,1742,152000,3395800,22.5,22.6,22.2,22.25,0.0,85,22.217944941383646,22.10427195336959,21.86243657652559,19.863436481145193,14.895761241703411
2018-07-10,1742,206000,4577800,22.25,22.5,21.9,22.05,-0.2,103,22.161963294255763,22.09440432548421,21.87874643943641,19.92870703394683,14.949755496483009
2018-07-11,1742,301000,6627450,21.95,22.6,21.85,21.9,-0.15,106,22.074642196170508,22.05905808448708,21.88059457513759,19.98755160009767,15.00221017198125
2018-07-12,1742,114000,2519800,21.9,22.45,21.9,22.1,0.2,58,22.083094797447007,22.066502069125793,21.89967330773432,20.050609761288786,15.055778397098374
2018-07-13,1742,150000,3317400,22.35,22.35,22.0,22.0,-0.1,78,22.055396531631338,22.054410783830193,21.908397367931336,20.10880051468315,15.108187616742914
2018-07-16,1742,128000,2834450,22.05,22.4,22.0,22.25,0.25,65,22.120264354420893,22.08997245949743,21.938101944632958,20.17271691722992,15.162088087559948
2018-07-17,1742,801000,18166900,22.25,23.4,22.05,22.05,-0.2,342,22.096842902947262,22.08270473958881,21.94783221031705,20.228755218208132,15.214072328408552
2018-07-18,1742,135000,2947550,22.15,22.15,21.6,21.7,-0.35,76,21.964561935298175,22.013122059663573,21.92628158333296,20.272672972888486,15.263022725929996
2018-07-19,1742,206000,4366700,21.5,21.5,21.0,21.15,-0.55,102,21.69304129019878,21.85619077608838,21.85877883695618,20.298861839369426,15.307452743092789
2018-07-20,1742,216000,4525750,21.2,21.3,20.5,20.55,-0.6,115,21.312027526799188,21.61870154407231,21.744971981568685,20.306358500880787,15.34701913748454
2018-07-23,1742,131000,2640550,20.1,20.45,20.1,20.1,-0.45,63,20.90801835119946,21.342573990604617,21.601930939693148,20.300198545630614,15.382890691163903
2018-07-24,1742,634000,13735400,20.05,22.1,20.05,21.85,1.75,314,21.222012234132972,21.43483326504014,21.623502162328528,20.34646127561179,15.431699063306063
2018-07-25,1742,154000,3346700,21.9,22.3,21.2,21.2,-0.65,89,21.214674822755313,21.392136307760115,21.58667588734344,20.371940043503976,15.475233409998092
2018-07-26,1742,39000,832000,21.65,21.65,21.2,21.3,0.1,26,21.243116548503544,21.37538425180373,21.561747549313576,20.39964332578744,15.519193912564145
2018-07-27,1742,56000,1194350,21.5,21.5,21.2,21.4,0.1,26,21.295411032335696,21.37985984238487,21.547682545025438,20.429504719047518,15.563577354733471
2018-07-30,1742,175000,3681900,21.2,21.2,20.9,20.9,-0.5,84,21.163607354890463,21.292612598314893,21.491362323718878,20.44354935429983,15.603852242622276
2018-07-31,1742,69000,1458350,21.7,21.7,21.0,21.0,0.1,48,21.109071569926975,21.239410307712184,21.44863516513463,20.460159821335655,15.644577886074183
2018-08-01,1742,63000,1321050,21.1,21.15,20.9,20.95,-0.05,22,21.05604771328465,21.186790251764513,21.405275585557703,20.474781916221158,15.684618807688718
2018-08-02,1742,109000,2255500,21.0,21.0,20.6,20.6,-0.35,50,20.904031808856434,21.08010111508006,21.335251621596164,20.47851976946829,15.721716024234464
2018-08-03,1742,124000,2556150,20.95,20.95,20.55,20.6,0.0,39,20.802687872570957,20.99281000324732,21.271316697979106,20.482146045006548,15.758533261787411
2018-08-06,1742,84000,1727050,20.65,20.65,20.5,20.55,-0.05,32,20.71845858171397,20.91229909356599,21.208593506850487,20.484171536200382,15.794695274905997
2018-08-07,1742,107000,2249150,20.75,21.3,20.6,21.0,0.45,66,20.812305721142646,20.92824471291763,21.1904549410374,20.499569400791415,15.833980593585952
2018-08-08,1742,24000,504300,20.8,21.4,20.7,21.4,0.4,20,21.008203814095097,21.014018401478058,21.20867625051241,20.526447926140925,15.875988287219267
2018-08-09,1742,21000,441750,21.05,21.2,20.85,21.15,-0.25,17,21.05546920939673,21.038742328482048,21.203573967859157,20.545061420882988,15.915792149202517
2018-08-10,1742,19000,397300,20.9,21.0,20.85,20.9,-0.25,16,21.00364613959782,21.01351645057622,21.17717623152358,20.555656602349167,15.953408812227403
2018-08-13,1742,71000,1475950,20.95,20.95,20.55,20.7,-0.2,36,20.902430759731878,20.956513459562363,21.135682646173702,20.559965360487997,15.989232141946442
2018-08-14,1742,147000,3099750,20.9,21.3,20.7,21.2,0.5,72,21.001620506487917,21.000783739641932,21.141275459549902,20.57907087211522,16.028558691818542
2018-08-15,1742,91000,1918050,21.25,21.3,20.9,20.9,-0.3,46,20.96774700432528,20.9824594233434,21.12029498480643,20.58865084608193,16.06532428659727
2018-08-16,1742,94000,1965900,20.2,21.0,20.2,21.0,0.1,31,20.97849800288352,20.985648619099145,21.109834551345003,20.600929925303365,16.10256712217012
2018-08-17,1742,395000,8606250,21.0,22.9,21.0,21.65,0.65,207,21.202332001922347,21.106439779262935,21.1568054599237,20.632245449921175,16.14443454011601
2018-08-20,1742,164000,3477500,21.65,21.9,20.75,20.8,-0.85,80,21.068221334614897,21.050723455760583,21.125778898191204,20.637253048430992,16.179570883209472
2018-08-21,1742,52000,1100300,21.0,21.25,20.85,21.25,0.45,26,21.1288142230766,21.086955554713203,21.136580733131098,20.655544002209172,16.217838272770155
2018-08-22,1742,50000,1053650,21.2,21.45,20.8,20.9,-0.35,29,21.0525428153844,21.052963635674438,21.116008495467522,20.662841196173076,16.253175342409627
2018-08-23,1742,31000,646750,20.9,21.0,20.7,20.7,-0.2,17,20.9350285435896,20.988788429188176,21.079833843687737,20.66395041419776,16.28673628322163
2018-08-24,1742,51000,1064150,20.85,21.1,20.7,21.1,0.4,32,20.990019029059734,21.009008714790326,21.0815874224975,20.676966819744095,16.323062801838823
2018-08-27,1742,37000,777150,21.3,21.3,20.9,20.95,-0.15,28,20.97667935270649,20.998279857555723,21.070145037932498,20.68511706393084,16.35798308257966
2018-08-28,1742,79000,1656900,21.0,21.1,20.8,21.0,0.05,41,20.984452901804328,20.99859261072741,21.06404546941663,20.69451655455977,16.393017172522455
2018-08-29,1742,91000,1903450,20.95,21.0,20.8,20.9,-0.1,43,20.956301934536217,20.980666681504246,21.049780645989095,20.700650388752013,16.427032137258134
2018-08-30,1742,74000,1542900,20.9,20.9,20.8,20.9,0.0,31,20.937534623024145,20.966000012139837,21.036756241990044,20.70660112341613,16.460790385278827
2018-08-31,1742,67000,1404850,20.9,21.0,20.85,21.0,0.1,21,20.95835641534943,20.97218182811441,21.03356004703439,20.715359298836546,16.495048571050308
2018-09-03,1742,125000,2604850,21.05,21.1,20.7,20.75,-0.25,53,20.88890427689962,20.93178513209361,21.008902651640092,20.716393349617544,16.527161412023514
2018-09-04,1742,29000,601650,20.7,20.9,20.7,20.7,-0.05,15,20.825936184599747,20.88964238080386,20.982041551497474,20.715903995897616,16.558654533442205
2018-09-05,1742,46000,951200,20.8,20.8,20.65,20.65,-0.05,23,20.767290789733163,20.846071038839522,20.95316837310639,20.713936712437985,16.589532612435093
2018-09-06,1742,14000,287900,20.65,20.65,20.5,20.5,-0.15,11,20.67819385982211,20.78314903177779,20.913762427618877,20.70755054191745,16.619045573850677
2018-09-07,1742,104000,2095450,20.5,20.5,20.0,20.0,-0.5,43,20.452129239881405,20.64075829872728,20.834304825217234,20.68642963021842,16.64456221102916
2018-09-10,1742,212000,4078250,20.0,20.0,19.0,19.25,-0.75,102,20.05141949325427,20.387893153504137,20.69653918824182,20.643551133793988,16.664225892455356
2018-09-11,1742,48000,921550,19.0,19.5,19.0,19.25,0.0,42,19.784279662169514,20.18100348923066,20.57075317187297,20.601952592486704,16.683741168738713
2018-09-12,1742,73000,1412450,19.5,19.5,19.0,19.35,0.1,48,19.639519774779675,20.029911945734174,20.464600722144883,20.564580873307996,16.703863876899177
2018-09-13,1742,22000,425350,19.55,19.6,19.05,19.05,-0.3,12,19.44301318318645,19.85174613741887,20.341591963697503,20.51936950395552,16.72157056462069
2018-09-14,1742,34000,660500,19.1,19.7,19.1,19.2,0.15,33,19.362008788790966,19.73324683970635,20.242323097289024,20.47998533965834,16.740275692434874
2018-09-17,1742,45000,868450,19.2,19.6,19.2,19.4,0.2,30,19.374672525860642,19.672656505214285,20.169077610568237,20.44774697131033,16.760349083435365
2018-09-18,1742,36000,697400,19.2,19.5,19.2,19.25,-0.15,20,19.333115017240427,19.595809867902595,20.089157818344912,20.411993330375694,16.779138901673587
2018-09-19,1742,32000,617100,19.5,19.5,19.25,19.25,0.0,20,19.305410011493617,19.53293534646576,20.01618757327144,20.37730696230478,16.79778690996284
2018-09-20,1742,29000,555300,19.2,19.4,19.0,19.35,0.1,21,19.320273340995744,19.499674374381076,19.958258219073926,20.346641082832996,16.817048895548027
2018-09-21,1742,43000,822450,19.1,19.35,19.05,19.35,0.0,20,19.330182227330496,19.472460851766336,19.90536620002402,20.31689060274843,16.8361655076571
2018-09-25,1742,71000,1410100,19.35,20.1,19.35,19.6,0.25,47,19.420121484886998,19.49564978780882,19.878812617413235,20.2954908832634,16.857024635901197
2018-09-26,1742,11000,216400,19.7,19.85,19.6,19.6,0.0,10,19.480080989924666,19.514622553661763,19.854568041986,20.27472996137494,16.877726336762322
2018-09-27,1742,13000,258900,19.6,20.0,19.6,20.0,0.4,9,19.653387326616443,19.602872998450533,19.86721429920461,20.26652906700554,16.90129066629619
2018-09-28,1742,14000,277600,19.9,19.9,19.7,19.7,-0.3,10,19.668924884410963,19.620532453277708,19.85267392536073,20.249617751572536,16.92241300089018
2018-10-01,1742,34000,669100,19.55,19.95,19.5,19.95,0.25,20,19.76261658960731,19.68043564359085,19.861137062285884,20.24067393809276,16.945262714091008
2018-10-02,1742,13000,258400,20.0,20.0,19.8,19.8,-0.15,9,19.775077726404874,19.702174617483422,19.855820796000156,20.227519492179542,16.96680790115447
2018-10-03,1742,15000,296100,19.8,19.9,19.6,19.7,-0.1,12,19.75005181760325,19.701779232486437,19.84227116156536,20.21177264166672,16.98743576605142
2018-10-04,1742,66000,1287750,19.75,19.75,19.4,19.5,-0.2,35,19.6667012117355,19.665092099307085,19.812508451864026,20.190525697139353,17.00639851498688
2018-10-05,1742,66000,1287750,19.75,19.75,19.4,19.5,-0.2,35,19.611134141157,19.635075353978525,19.78533380387585,20.16991298976206,17.025218148836036
2018-10-08,1742,6000,115600,19.2,19.4,19.2,19.4,-0.05,5,19.540756094104665,19.592334380527884,19.751826516582298,20.146930512455732,17.04314103073161
2018-10-09,1742,13000,249000,19.25,19.5,19.0,19.0,-0.4,9,19.360504062736442,19.484637220431907,19.686450297749055,20.112693780740635,17.057909777669487
2018-10-11,1742,141000,2420200,19.0,19.0,17.1,17.1,-1.9,69,18.607002708490963,19.051066816717015,19.461541576205658,20.022762623106587,17.05822743972481
2018-10-12,1742,180000,2935750,15.8,17.3,15.8,17.1,0.0,93,18.104668472327308,18.69632739549574,19.25619013479647,19.93551597764072,17.05854270433066
2018-10-15,1742,49000,839400,17.1,17.7,16.8,16.8,-0.3,20,17.669778981551538,18.351540596314695,19.042608383944604,19.841918485770847,17.056591438637597
2018-10-16,1742,21000,357900,17.0,17.2,16.7,16.85,0.05,16,17.396519321034358,18.07853321516657,18.851946785340726,19.752607486195597,17.055032257968634
2018-10-17,1742,157000,2770700,17.2,17.9,17.15,17.7,0.85,99,17.49767954735624,18.009708994227193,18.751777499658925,19.691335620936027,17.05989993904057
2018-10-18,1742,28000,494550,17.3,17.9,17.3,17.7,0.0,16,17.565119698237492,17.953398268004065,18.660318586645104,19.63189276657973,17.064730882896868
2018-10-19,1742,58000,1017050,17.55,17.85,17.4,17.7,0.0,19,17.610079798824994,17.90732585563969,18.576812622589006,19.574224325786304,17.06952536679953
2018-10-22,1742,21000,369550,17.5,17.85,17.45,17.45,-0.25,14,17.55671986588333,17.82417570006884,18.478828916276917,19.510814644419547,17.072396873465195
2018-10-23,1742,34000,577250,17.2,17.2,16.65,17.0,-0.45,19,17.371146577255555,17.674325572783594,18.35023509747023,19.43586495354135,17.071850481967346
2018-10-24,1742,11000,190400,17.3,17.5,17.05,17.05,0.05,10,17.26409771817037,17.560811832277487,18.23717117595108,19.364645104181907,17.07168557266948
2018-10-25,1742,39000,660350,17.0,17.1,16.55,16.9,-0.15,27,17.142731812113578,17.440664226408852,18.12089542152055,19.291073608534685,17.07038983249839
2018-10-26,1742,30000,502200,16.8,16.8,16.65,16.7,-0.2,17,16.99515454140905,17.305998003425426,17.997339297910067,19.213728127682902,17.067594437536137
2018-10-29,1742,109000,1804700,16.5,16.6,16.5,16.6,-0.1,21,16.863436360939367,17.177634730075347,17.875831532874408,19.13570639252819,17.064065422913224
2018-10-30,1742,10000,167450,16.65,16.8,16.65,16.75,0.15,9,16.825624240626244,17.09988296097074,17.777933138711415,19.064491276333317,17.061695117834635
2018-10-31,1742,298000,5130650,17.0,18.0,17.0,17.1,0.35,58,16.917082827084162,17.099904240794242,17.71898243099738,19.0058497456965,17.06198421128494
2018-11-01,1742,34000,579800,17.45,17.45,16.9,16.9,-0.2,19,16.91138855138944,17.063558015195287,17.647766567432388,18.9429885592578,17.06076168893562
2018-11-02,1742,2000,35250,17.8,17.8,17.45,17.45,0.55,2,17.09092570092629,17.13382019425069,17.63056947461218,18.898421736593388,17.063699336566295
2018-11-05,1742,7000,118700,17.0,17.0,16.85,16.85,-0.6,4,17.010617133950863,17.082216522568746,17.562693868124164,18.837274819083138,17.062086511384663
2018-11-06,1742,19000,310700,17.0,17.0,16.05,16.1,-0.75,12,16.707078089300577,16.90363170028352,17.43550309698293,18.755565122991104,17.05482548111006
2018-11-07,1742,53000,854550,16.1,16.2,16.05,16.15,0.05,25,16.52138539286705,16.766607754777425,17.323720218984416,18.677787059618236,17.047996609554513
2018-11-08,1742,16000,262350,16.45,16.45,16.25,16.45,0.3,11,16.497590261911366,16.709042708454255,17.24774454776838,18.611285953360976,17.04348342759561
2018-11-09,1742,5000,81500,16.3,16.3,16.3,16.3,-0.15,4,16.431726841274244,16.634671306917117,17.165331978397216,18.54229234281289,17.037872231915642
2018-11-12,1742,14000,229900,16.3,16.45,16.3,16.4,0.1,7,16.421151227516162,16.592003796568548,17.098781371580067,18.478343317654296,17.03305810186345
2018-11-13,1742,9000,148450,16.45,16.5,16.45,16.5,0.1,6,16.44743415167744,16.575275833556084,17.046713426225278,18.419288293246705,17.029035021849385
2018-11-14,1742,23000,382100,16.5,16.95,16.5,16.6,0.1,15,16.498289434451628,16.579771136545887,17.00786878046656,18.36498118001546,17.025797021684483
2018-11-15,1742,107000,1819050,17.6,17.6,16.45,16.7,0.1,44,16.56552628963442,16.60163092990118,16.98109758216512,18.315280249268728,17.023338176237807
2018-11-16,1742,45000,781500,17.2,17.5,17.1,17.35,0.65,44,16.827017526422946,16.73769803355551,17.013176053281196,18.286465913469662,17.025803548492615
2018-11-19,1742,140000,2477950,17.7,18.0,17.3,17.65,0.3,31,17.101345017615298,16.903571118363597,17.068552048648048,18.26746693097803,17.030514465107764
2018-11-20,1742,31000,546050,17.65,17.65,17.55,17.6,-0.05,13,17.267563345076866,17.030194551388398,17.114764913983,18.247542544978685,17.034812469144686
2018-11-21,1742,40000,705750,17.9,17.9,17.55,17.8,0.2,15,17.445042230051243,17.17015917840869,17.17435057363665,18.234183066024098,17.040587469377556
2018-11-22,1742,44000,783600,17.9,17.9,17.8,17.8,0.0,17,17.563361486700828,17.284675691425292,17.22875487158129,18.221222377486065,17.04631888470301
2018-11-23,1742,22000,390800,17.8,17.85,17.7,17.85,0.05,7,17.65890765780055,17.387461929347968,17.282776187095962,18.21014111248648,17.052384402554306
2018-11-26,1742,33000,592000,17.85,18.05,17.85,17.95,0.1,15,17.7559384385337,17.489741578557428,17.340795649087617,18.2023757061436,17.059158859893518
2018-11-27,1742,123000,2273650,17.95,18.8,17.95,18.65,0.7,53,18.053958959022467,17.70069765518335,17.454639505688693,18.215737625363193,17.071165208120735
2018-11-28,1742,39000,741150,18.6,19.7,18.6,19.0,0.35,29,18.369305972681644,17.936934445150015,17.589018679107067,18.23914844251653,17.085722451833032
2018-11-29,1742,26000,503150,19.2,19.6,19.0,19.3,0.3,15,18.679537315121095,18.184764546031833,17.737799663532538,18.27081565318768,17.102433980498443
2018-11-30,1742,182000,3695900,19.9,21.0,19.4,19.7,0.4,109,19.019691543414062,18.46026190129877,17.9084257797471,18.313477872495508,17.12203825234374
2018-12-03,1742,80000,1555550,19.6,19.85,19.4,19.45,-0.25,29,19.163127695609376,18.640214282880812,18.042475711943002,18.34740390615236,17.13960777496756
2018-12-04,1742,66000,1286600,19.55,19.65,19.4,19.6,0.15,27,19.30875179707292,18.814720776902483,18.177912606556653,18.384794834326915,17.158176772892332
2018-12-05,1742,33000,644450,19.5,19.7,19.5,19.55,-0.05,20,19.38916786471528,18.948407908374758,18.297224553812597,18.41957707807835,17.176228268945977
2018-12-06,1742,69000,1347700,19.5,19.9,19.3,19.3,-0.25,24,19.35944524314352,19.012333743215713,18.38442241869846,18.445858359329744,17.192256734840726
2018-12-07,1742,39000,753050,19.35,19.4,19.25,19.25,-0.05,18,19.32296349542901,19.055545789903764,18.45969003446381,18.46986258740945,17.207786872690985
2018-12-10,1742,52000,987500,19.1,19.4,18.6,19.0,-0.25,26,19.215308996952675,19.045446555375808,18.50667350972783,18.485687584800214,17.221313009500864
2018-12-11,1742,48000,930400,19.25,19.5,19.15,19.5,0.5,20,19.31020599796845,19.12809263621657,18.593049726273236,18.515965567343493,17.238510647165008
2018-12-12,1742,73000,1424150,19.6,19.85,19.45,19.65,0.15,27,19.423470665312298,19.222984884177194,18.684958445727737,18.54981734145264,17.256710566809044
2018-12-13,1742,41000,794350,19.6,19.6,19.0,19.0,-0.65,26,19.282313776874865,19.182442177963157,18.712353363490543,18.56325562976749,17.269867468191617
2018-12-14,1742,41000,777600,19.0,19.35,18.75,19.1,0.1,21,19.22154251791658,19.167452691060767,18.746061766665278,18.57927784977443,17.283679789186397
2018-12-17,1742,25000,472050,18.85,18.9,18.85,18.9,-0.2,10,19.11436167861105,19.11882492904972,18.75944769999873,18.588851645303553,17.295878432286877
2018-12-18,1742,40000,742900,18.9,18.9,18.5,18.6,-0.3,16,18.9429077857407,19.024493123767954,18.745582682607537,18.58918443201091,17.305720859213015
2018-12-19,1742,42000,779000,18.6,18.65,18.45,18.45,-0.15,19,18.7786051904938,18.920039828537416,18.719879840641664,18.585029672846407,17.314356928200088
2018-12-20,1742,56000,1036500,18.5,18.85,18.4,18.4,-0.05,24,18.6524034603292,18.825487132439704,18.692064202324996,18.579506399030095,17.322550460817446
2018-12-21,1742,46000,842400,18.4,18.45,18.3,18.3,-0.1,14,18.534935640219466,18.729944017450666,18.657971662992388,18.57116292443218,17.329927438471653
2018-12-22,1742,152000,2760900,18.1,18.4,18.1,18.4,0.1,11,18.489957093479642,18.669954196096,18.63553934447131,18.566053583404354,17.338003457803943
2018-12-24,1742,28000,526750,18.4,19.75,18.4,18.5,0.1,25,18.493304728986427,18.639053433169455,18.623753314517284,18.564081834646014,17.346773243028064
2018-12-25,1742,35000,647400,18.5,18.8,18.45,18.8,0.3,16,18.59553648599095,18.668316445320464,18.639079113254912,18.571124167940162,17.357740992137288
2018-12-26,1742,35000,641900,18.55,18.85,18.0,18.0,-0.8,18,18.397024323993968,18.546804364353108,18.583507016450138,18.554075685315084,17.362588229932477
2018-12-27,1742,131000,2349750,18.05,18.25,17.6,17.6,-0.4,44,18.13134954932931,18.374658116288906,18.497984667193606,18.52559581411165,17.36438001687638
2018-12-28,1742,103000,1797000,17.6,17.7,17.1,17.4,-0.2,37,17.88756636621954,18.197447549690924,18.402507739611554,18.491995939063543,17.36464884693769
2019-01-02,1742,51000,885700,17.25,17.4,17.25,17.35,-0.05,18,17.708377577479695,18.04336617701985,18.310985327471418,18.45790650804672,17.36453828960231
2019-01-03,1742,42000,733700,17.6,17.6,17.3,17.4,0.05,22,17.60558505165313,17.926390508470785,18.23176921203912,18.426327209299057,17.36480592515248
2019-01-04,1742,61000,1045500,17.3,17.55,17.0,17.55,0.15,14,17.587056701102085,17.857955870567007,18.17248493273137,18.40016818812595,17.366203616283407
2019-01-07,1742,15000,268600,17.8,18.1,17.8,18.1,0.55,8,17.758037800734723,17.90196389410028,18.166181895102554,18.39120794370428,17.37174170219825
2019-01-08,1742,28000,512350,18.05,18.7,18.05,18.1,0.0,19,17.872025200489816,17.93797045880932,18.16042694770233,18.382515169265346,17.377237991238264
2019-01-09,1742,216000,4073450,18.1,19.35,18.1,18.8,0.7,117,18.181350133659876,18.094703102662173,18.216041995728215,18.39497740301862,17.387975817719486
2019-01-10,1742,166000,3185200,19.0,19.75,19.0,19.1,0.3,57,18.48756675577325,18.277484356723598,18.292907909143153,18.41602285367478,17.400896754944245
2019-01-11,1742,63000,1224350,19.7,19.7,19.25,19.3,0.2,37,18.758377837182167,18.46339629186476,18.380481134435055,18.442410231177025,17.41522960962391
2019-01-14,1742,8000,151950,19.2,19.2,18.85,19.0,-0.3,8,18.838918558121446,18.560960602434804,18.434352340136353,18.45905470188816,17.42719014087203
2019-01-15,1742,13000,249650,19.0,19.55,19.0,19.15,0.15,11,18.942612372080962,18.668058674719386,18.496582571428846,18.47967993466762,17.440192479431488
2019-01-16,1742,177000,3361850,19.1,19.2,18.8,19.15,0.0,29,19.01174158138731,18.75568437022495,18.55340147826112,18.499689488856646,17.453096687133893
2019-01-17,1742,29000,549400,19.0,19.0,18.9,19.0,-0.15,6,19.007827720924872,18.800105393820417,18.592236132325368,18.514624130980327,17.46477142911779
2019-01-18,1742,21000,402200,18.2,19.5,18.2,19.2,0.2,16,19.071885147283247,18.872813504034887,18.645085164297075,18.53508311214509,17.477867493803693
2019-01-21,1742,32000,605450,18.9,19.55,18.7,18.8,-0.4,19,18.981256764855498,18.859574685119455,18.65855601957559,18.54299107894673,17.487845852341025
2019-01-22,1742,44000,827250,18.8,19.05,18.75,18.9,0.1,25,18.95417117657033,18.86692474237046,18.67955114830815,18.553648061664738,17.498503619493167
2019-01-23,1742,31000,576850,18.6,18.85,18.5,18.7,-0.2,18,18.869447451046888,18.836574789212197,18.681329309324834,18.55801677624191,17.50757151670454
2019-01-24,1742,58000,1071550,18.6,18.85,18.35,18.5,-0.2,28,18.746298300697926,18.775379372991797,18.665561543296587,18.556284932174986,17.515061542993564
2019-01-25,1742,40000,745950,18.6,18.9,18.5,18.75,0.25,28,18.747532200465283,18.770764941538744,18.672904017792536,18.562067471513046,17.52438183323512
2019-01-28,1742,162000,2973800,18.6,18.6,18.25,18.4,-0.35,46,18.63168813364352,18.703353133986244,18.649173233636663,18.55722963654251,17.530990272229573
2019-01-29,1742,98000,1790200,18.35,18.4,18.2,18.2,-0.2,29,18.48779208909568,18.61183438235238,18.610114691581302,18.546566065302432,17.53603940225048
2019-01-30,1742,52000,961850,18.5,18.9,18.4,18.5,0.3,23,18.491861392730453,18.591500858288313,18.600539501009013,18.545176033502358,17.543314576573117
2019-02-11,1742,39000,724650,18.4,18.8,18.4,18.7,0.2,29,18.561240928486967,18.611227974963164,18.609188240051708,18.549797644442584,17.552044277882
2019-02-12,1742,31000,585100,18.9,18.95,18.85,18.85,0.15,21,18.657493952324646,18.654641070424407,18.63012839309069,18.55875890878758,17.561840170124402
2019-02-13,1742,124000,2333450,18.9,19.0,18.5,18.9,0.05,53,18.738329301549765,18.699251784892695,18.653595489343672,18.5689452100178,17.57193948959516
2019-02-14,1742,46000,868650,18.9,19.0,18.7,18.7,-0.2,21,18.725552867699843,18.699387824003114,18.657630664183355,18.572857293300853,17.58045315382463
2019-02-15,1742,271000,5167000,18.9,19.6,18.7,19.15,0.45,78,18.867035245133227,18.781317310548,18.700445389036975,18.590085433799334,17.59229879039954
2019-02-18,1742,214000,4113450,19.3,19.6,19.05,19.25,0.1,84,18.994690163422153,18.866532344993818,18.74823274651202,18.609784376073982,17.604809742924825
2019-02-19,1742,38000,716700,18.85,19.0,18.8,18.8,-0.45,18,18.929793442281436,18.854435554994943,18.752734246815322,18.61546245440013,17.613830046751808
2019-02-20,1742,97000,1816450,18.8,19.1,18.6,18.8,0.0,43,18.88652896152096,18.8445381813595,18.756844312309642,18.62097103785087,17.622782272814057
2019-02-21,1742,57000,1066500,18.7,18.9,18.6,18.65,-0.15,24,18.807685974347304,18.8091676029305,18.747553502543585,18.621837574034426,17.630534859434327
2019-02-22,1742,54000,1005050,18.75,18.8,18.55,18.7,0.05,24,18.77179064956487,18.789318947852227,18.74341841536588,18.624170780779668,17.638606294457464
2019-02-25,1742,56000,1056700,18.7,19.05,18.6,18.75,0.05,29,18.764527099709913,18.78217004824273,18.743990727073196,18.627926876875797,17.646994171480426
2019-02-26,1742,31000,580000,18.75,18.75,18.6,18.7,-0.05,22,18.743018066473276,18.767230039471325,18.740165446458136,18.630078313386967,17.654941385280573
2019-02-27,1742,32000,597350,18.7,18.7,18.6,18.6,-0.1,10,18.695345377648852,18.736824577749267,18.727977146766126,18.629180453285862,17.662073903127514
2019-03-04,1742,39000,740300,18.6,19.5,18.6,18.8,0.2,20,18.730230251765903,18.748311018158493,18.73424000356907,18.63427954423255,17.670662024613343
2019-03-05,1742,68000,1279050,18.8,19.0,18.75,18.8,0.0,19,18.753486834510603,18.75770901485695,18.73995826412828,18.639226423509193,17.679185330087957
2019-03-06,1742,33000,617800,18.65,18.9,18.65,18.8,0.0,17,18.76899122300707,18.76539828488296,18.745179284638866,18.644025634747724,17.687644308728803
2019-03-07,1742,93000,1758800,18.7,19.1,18.7,18.8,0.0,30,18.779327482004714,18.77168950581333,18.74994630336592,18.648681585949284,17.696039446021416
2019-03-08,1742,38000,714900,18.75,19.0,18.75,18.95,0.15,24,18.836218321336474,18.80410959566545,18.767342276986277,18.657676165473184,17.70550329925899
2019-03-11,1742,80000,1520900,19.05,19.3,18.8,18.95,0.0,51,18.87414554755765,18.830635123726278,18.78322555724834,18.666402250085923,17.71489572718911
2019-03-12,1742,42000,795700,19.2,19.2,18.8,18.8,-0.15,31,18.849430365038433,18.825065101230592,18.784684204444137,18.670390242620673,17.723085193399
2019-03-13,1742,22000,412200,18.75,19.0,18.65,18.75,-0.05,19,18.81628691002562,18.811416901006847,18.781668186666387,18.67276665328871,17.730835493826177
2019-03-14,1742,29000,543250,18.75,18.75,18.7,18.75,0.0,12,18.794191273350414,18.800250191732875,18.77891443130409,18.67507212632487,17.738527301419943
2019-03-15,1742,112000,2098300,19.0,19.15,18.5,19.05,0.3,44,18.879460848900276,18.845659247781445,18.80248708945156,18.686264003150995,17.748425208579036
2019-03-18,1742,140000,2678650,19.1,19.4,18.75,19.05,0.0,78,18.936307232600186,18.88281211182118,18.82400995123838,18.69712179410171,17.758248414552025
2019-03-19,1742,64000,1203600,19.0,19.0,18.75,18.75,-0.3,27,18.874204821733457,18.85866445512642,18.817574303304607,18.698700248009125,17.765733332178048
2019-03-20,1742,319000,6109450,18.75,19.5,18.75,19.3,0.55,102,19.016136547822306,18.93890728146707,18.859524363886816,18.71664949433721,17.777312703255948
2019-03-21,1742,142000,2772600,19.5,19.95,19.25,19.3,0.0,61,19.110757698548205,19.004560503018514,18.89782659311405,18.734062942267443,17.788804682854018
2019-03-22,1742,163000,3195300,19.55,19.7,19.35,19.65,0.35,86,19.29050513236547,19.121913138833328,18.963232976321525,18.761404346975876,17.802851439964552
2019-03-25,1742,231000,4495550,19.3,19.6,19.2,19.5,-0.15,67,19.360336754910314,19.190656204499994,19.00990836968487,18.78345197840943,17.81566010834218
2019-03-26,1742,1015000,21229150,19.55,21.45,19.5,20.4,0.9,425,19.70689116994021,19.410536894590905,19.13078590275575,18.83170714323303,17.83516456035469
2019-03-27,1742,239000,4919100,20.45,21.0,20.15,21.0,0.6,128,20.137927446626808,19.699530186483468,19.29332625903786,18.89643230313652,17.85905011084258
2019-03-28,1742,233000,4907100,20.85,21.5,20.75,20.9,-0.1,136,20.391951631084538,19.917797425304656,19.43303701912152,18.95624029408767,17.88200067604377
2019-03-29,1742,177000,3704200,20.95,21.15,20.8,20.85,-0.05,68,20.544634420723025,20.087288802521993,19.556251191371825,19.012770434562665,17.904400670941552
2019-04-01,1742,181000,3774400,20.85,21.0,20.65,20.85,0.0,85,20.646422947148682,20.225963565699814,19.668751087774275,19.067613108157808,17.926631609274068
2019-04-02,1742,193000,4018500,20.9,21.0,20.3,20.85,0.0,90,20.71428196476579,20.339424735572575,19.771468384489555,19.12081868701877,17.948694766939923
2019-04-03,1742,213000,4482950,20.95,21.3,20.85,21.0,0.15,122,20.80952130984386,20.459529329104832,19.878297220620897,19.176913651585373,17.97172348568
2019-04-08,1742,472000,9982350,21.0,21.5,20.95,20.95,-0.05,156,20.856347539895907,20.548705814722137,19.971488766653863,19.229841602284317,17.99420104427864
2019-04-09,1742,389000,8156500,21.45,21.45,20.8,21.05,0.1,112,20.920898359930604,20.639850212045385,20.06527235216222,19.284174688783292,18.017263677906726
2019-04-10,1742,424000,8913300,21.0,21.15,20.95,20.95,-0.1,163,20.930598906620403,20.69624108258259,20.142205191104637,19.333900817476326,18.039397536941394
2019-04-11,1742,1427000,32744900,23.0,23.0,22.6,23.0,2.05,429,21.62039927108027,21.115106340294844,20.390709087530322,19.44333661396957,18.076836046096552
2019-04-12,1742,3325000,80056400,23.1,24.85,23.0,24.55,1.55,1599,22.596932847386846,21.739632460241236,20.752386558179857,19.595774326985403,18.125690113673183
2019-04-15,1742,1440000,35675300,25.0,25.2,24.4,24.75,0.2,685,23.314621898257897,22.286972012924647,21.10000511833813,19.749631809761958,18.175684905268103
2019-04-16,1742,1007000,24483100,24.85,24.9,23.9,24.0,-0.75,427,23.543081265505265,22.598431646938348,21.352178586308728,19.876508472157123,18.219642000322683
2019-04-17,1742,1483000,34191800,24.0,24.0,22.7,23.15,-0.85,717,23.412054177003508,22.698716802040465,21.508510883151448,19.97422463716736,18.256852249376852
2019-04-18,1742,565000,12977050,23.2,23.25,22.7,23.0,-0.15,272,23.274702784669007,22.753495565305837,21.638205588964365,20.06454628978923,18.29264959089099
2019-04-19,1742,545000,12270050,23.0,23.2,21.9,22.3,-0.7,331,22.949801856446005,22.67104182615932,21.69575292905442,20.13127625128806,18.322893744922
2019-04-22,1742,436000,9632950,22.65,22.65,21.95,21.95,-0.35,218,22.616534570964003,22.53994331231217,21.71786137000621,20.18556651244364,18.350268131752777
2019-04-23,1742,452000,10080800,22.0,22.6,21.95,21.95,0.0,237,22.39435638064267,22.432680891891778,21.73804733783176,20.238236168788607,18.377435919437662
2019-04-24,1742,312000,6985300,22.2,22.5,22.15,22.3,0.35,129,22.36290425376178,22.408557093366,21.786912786715956,20.29978135777999,18.407040176649453
2019-04-25,1742,167000,3707700,22.3,22.35,22.05,22.1,-0.2,113,22.275269502507854,22.35245580366309,21.814137761784135,20.353519227697006,18.434911571542663
2019-04-26,1742,237000,5247650,22.2,22.55,21.8,21.8,-0.3,155,22.116846335005235,22.252009293906166,21.81290839119421,20.396697758213513,18.46030846534234
2019-04-29,1742,366000,7706200,21.9,22.0,20.15,20.15,-1.65,224,21.46123089000349,21.869825785923226,21.668307661525148,20.389333646028035,18.47306085428315
2019-04-30,1742,433000,9102400,20.45,22.0,20.05,21.5,1.35,263,21.474153926668993,21.802584733937184,21.653672212696875,20.422487865549588,18.49590567802441
2019-05-02,1742,117000,2516900,22.0,22.0,21.2,21.4,-0.1,65,21.44943595111266,21.729387509584967,21.631613759418887,20.4516673322496,18.51782337102045
2019-05-03,1742,114000,2453450,21.35,21.65,21.2,21.6,0.2,67,21.499623967408443,21.705862507842244,21.628864736860724,20.485945919346626,18.541085081427845
2019-05-06,1742,102000,2187550,21.6,21.65,21.25,21.4,-0.2,58,21.466415978272295,21.650251142780018,21.608963455394573,20.51323111578404,18.562661797794426
2019-05-07,1742,339000,7293500,21.1,21.7,21.1,21.65,0.25,132,21.52761065218153,21.65020548045638,21.612531850577653,20.547164515312875,18.58596246347145
2019-05-08,1742,276000,6067700,21.35,22.45,21.35,22.45,0.8,116,21.83507376812102,21.795622665827945,21.685355167918726,20.603965574557268,18.615125010916948
2019-05-09,1742,292000,6587050,23.2,23.2,22.3,22.7,0.25,186,22.12338251208068,21.960054908404683,21.773585153317097,20.66653376636153,18.645954256117577
2019-05-10,1742,322000,7282200,22.8,22.95,22.2,22.95,0.25,156,22.398921674720455,22.140044925058376,21.875882096506913,20.734696937514915,18.67843762022235
2019-05-13,1742,535000,11991100,22.95,22.95,22.0,22.0,-0.95,301,22.26594778314697,22.1145822114114,21.886674957680224,20.772467178186112,18.70350601554143
2019-05-14,1742,177000,3800250,21.5,21.95,21.1,21.95,-0.05,139,22.160631855431312,22.08465817297296,21.892181483099336,20.807617411673093,18.72800785693357
2019-05-15,1742,200000,4308500,21.65,21.9,21.3,21.3,-0.65,109,21.87375457028754,21.94199305061424,21.840687441090697,20.822315399384344,18.747419118390674
2019-05-16,1742,180000,3728500,21.4,21.4,20.4,20.55,-0.75,103,21.43250304685836,21.688903405048016,21.728453750561073,20.814186581492272,18.76102350240282
2019-05-17,1742,457000,9104150,20.55,20.7,19.6,19.6,-0.95,207,20.821668697905576,21.309102785948376,21.543370815729677,20.77794220592534,18.767355400497895
2019-05-20,1742,556000,10874250,19.6,20.2,19.35,19.8,0.2,140,20.481112465270385,21.03472046123049,21.391773353492315,20.748749901270852,18.775148944645082
2019-05-21,1742,111000,2238600,19.8,20.7,19.8,20.7,0.9,74,20.554074976846923,20.97386219555222,21.331619148840808,20.747294680337394,18.789676122421344
2019-05-22,1742,69000,1400300,20.25,20.6,20.15,20.2,-0.5,58,20.436049984564615,20.833159978179086,21.233217483724214,20.730957525700457,18.80032007621439
2019-05-23,1742,104000,2097900,20.15,20.4,20.0,20.35,0.15,59,20.40736665637641,20.745312709419252,21.15641596340037,20.71958565926164,18.812015773752396
2019-05-24,1742,44000,893850,20.4,20.4,20.2,20.4,0.05,33,20.40491110425094,20.682528580433935,21.09064066223512,20.71004578883592,18.824000560365587
2019-05-27,1742,84000,1739850,20.6,21.0,20.5,20.85,0.45,52,20.553274069500628,20.712977929445948,21.069715387258153,20.71422352648261,18.83929112217415
2019-05-28,1742,24000,495900,20.7,20.75,20.6,20.6,-0.25,20,20.568849379667085,20.692436487728504,21.028870570974835,20.710813868975666,18.852579491063402
2019-05-29,1742,94000,1927100,20.6,20.6,20.45,20.45,-0.15,27,20.529232919778057,20.648357126323322,20.978533999585718,20.703028380349526,18.864635494904434
2019-05-30,1742,60000,1229900,20.5,20.65,20.45,20.45,0.0,28,20.502821946518704,20.612292194264537,20.932574521360873,20.695475294368944,18.876600510037232
2019-05-31,1742,78000,1603750,21.0,21.0,20.3,20.45,0.0,50,20.485214631012468,20.582784522580077,20.890611519503405,20.688147673641513,18.888475223169028
2019-06-03,1742,47000,969250,20.3,20.75,20.2,20.65,0.2,36,20.540143087341644,20.595005518474608,20.869688778677023,20.6870089371149,18.90176974978662
2019-06-04,1742,81000,1649500,20.35,20.55,20.3,20.3,-0.35,50,20.460095391561097,20.541368151479226,20.820150624009457,20.67545643152938,18.912322430920305
2019-06-05,1742,79000,1615600,20.4,20.55,20.4,20.4,0.1,39,20.440063594374063,20.515664851210275,20.78361578713907,20.667233851483726,18.923550186158643
2019-06-06,1742,31000,635400,20.5,20.6,20.45,20.45,0.05,26,20.44337572958271,20.50372578735386,20.754605718692194,20.660749258902122,18.935070562112163
2019-06-10,1742,75000,1536150,20.5,20.55,20.2,20.2,-0.25,33,20.362250486388472,20.448502916925886,20.70637913445809,20.64699554968116,18.94461719937924
2019-06-11,1742,74000,1500500,20.55,20.6,20.1,20.1,-0.1,44,20.274833657592314,20.38513875021209,20.653650514070428,20.630667324317546,18.953337069572605
2019-06-12,1742,71000,1407350,20.0,20.15,19.65,19.8,-0.3,40,20.11655577172821,20.278749886537163,20.579420034586043,20.605871284785678,18.95972697848149
2019-06-13,1742,69000,1359400,19.75,20.05,19.6,19.7,-0.1,38,19.977703847818805,20.173522634439497,20.502948727230734,20.578830350911478,18.965313944681633
2019-06-14,1742,65000,1289500,19.75,19.95,19.75,19.8,0.1,46,19.918469231879204,20.10560942817777,20.4418227509498,20.55558168372009,18.971613462080263
2019-06-17,1742,108000,2075100,19.55,19.55,19.0,19.5,-0.3,78,19.778979487919468,19.99549862305454,20.359925120432425,20.52407178271352,18.975601285007958
2019-06-18,1742,12000,233950,19.5,19.55,19.35,19.35,-0.15,10,19.635986325279646,19.878135237044624,20.27210554474265,20.48902486382655,18.978426935687143
2019-06-19,1742,110000,2151050,19.35,19.8,19.35,19.4,0.05,70,19.557324216853097,19.791201557581964,20.19627027998242,20.456516658936206,18.98160861919139
2019-06-20,1742,33000,639350,19.25,19.5,19.25,19.4,0.0,28,19.504882811235397,19.72007400165797,20.127029386070905,20.42497884822169,18.984766289989945
2019-06-21,1742,76000,1468250,19.4,19.45,19.2,19.45,0.05,52,19.486588540823597,19.67096963772016,20.068157265543,20.395875002006118,18.98827748780134
2019-06-24,1742,27000,521550,19.45,19.45,19.2,19.25,-0.2,21,19.407725693882398,19.59442970358922,19.997013155495782,20.361669778065636,18.99025275204435
2019-06-25,1742,50000,962700,19.4,19.4,19.2,19.2,-0.05,27,19.338483795921597,19.522715212027546,19.92770766371354,20.326993068272632,18.991835750142126
2019-06-26,1742,70000,1334600,19.2,19.2,19.0,19.05,-0.15,46,19.2423225306144,19.4367669916589,19.851385258173234,20.288873872204793,18.992274725612752
2019-06-27,1742,346000,6975100,20.6,20.6,19.8,19.95,0.9,222,19.4782150204096,19.530082084084555,19.85996045311469,20.27875823422853,18.999502840891147
2019-06-28,1742,110000,2162200,19.6,20.05,19.55,19.65,-0.3,50,19.535476680273067,19.551885341523725,19.841703022409067,20.259989331714245,19.004412253412724
2019-07-01,1742,50000,970300,19.55,19.55,19.25,19.5,-0.15,40,19.523651120182045,19.542451643064865,19.811989716112627,20.237303083006356,19.008152538292627
2019-07-02,1742,111000,2174550,19.35,19.85,19.35,19.45,-0.05,77,19.49910074678803,19.52564225341671,19.78051234949414,20.213801498439004,19.011487236116835
2019-07-03,1742,35000,681500,19.3,19.6,19.3,19.45,0.0,28,19.48273383119202,19.511889116431853,19.7517721451903,20.191001453709482,19.014796766410292
2019-07-04,1742,73000,1427700,19.55,19.6,19.5,19.55,0.1,40,19.50515588746135,19.5188183679897,19.73422674126071,20.17186708195696,19.018836036097763
2019-07-05,1742,51000,995450,19.55,19.65,19.45,19.45,-0.1,32,19.486770591640898,19.50630593744612,19.70951137245543,20.15031881085377,19.022090103749857
2019-07-08,1742,24000,467000,19.5,19.55,19.4,19.4,-0.05,17,19.457847061093933,19.486977585183187,19.682597340068003,20.127921234410373,19.024942253910236
2019-07-09,1742,57000,1098050,19.2,19.4,19.1,19.25,-0.15,32,19.388564707395954,19.443890751513518,19.644980180062092,20.101714630398124,19.02664080293733
2019-07-10,1742,46000,898650,19.35,19.8,19.35,19.45,0.2,28,19.409043138263968,19.445001523965605,19.628025381795823,20.082260462326538,19.029835966688747
2019-07-11,1742,188000,3711150,19.7,19.95,19.55,19.65,0.2,126,19.489362092175977,19.482273974153678,19.629936218161404,20.069357164943657,19.03451644995902
2019-07-12,1742,236000,4553350,19.6,19.65,19.0,19.6,-0.05,96,19.526241394783984,19.503678706125736,19.627333068756066,20.055346503303547,19.03878425033669
2019-07-15,1742,192000,3702150,19.75,19.75,19.0,19.0,-0.6,91,19.350827596522656,19.412100759557422,19.572782367125104,20.023843622607917,19.038491539013393
2019-07-16,1742,252000,4740400,19.15,19.15,18.65,18.65,-0.35,122,19.11721839768177,19.273536985092434,19.492540422157703,19.982833365216635,19.035559527398195
2019-07-17,1742,158000,3014050,18.8,19.65,18.75,18.75,0.1,109,18.99481226512118,19.178348442348355,19.427971689796163,19.94603236924002,19.033404361153682
2019-07-18,1742,76000,1436800,19.0,19.1,18.75,18.75,0.0,42,18.913208176747453,19.100466907375928,19.36901762981389,19.910329910456735,19.031265460314785
2019-07-19,1742,90000,1710800,19.0,19.15,18.9,19.05,0.3,42,18.95880545116497,19.091291106034852,19.341276966351813,19.884648420592356,19.031406853067125
2019-07-22,1742,77000,1450350,19.1,19.1,18.65,18.65,-0.4,45,18.855870300776647,19.01105635948306,19.28116592579948,19.847793243858256,19.028528310779826
2019-07-23,1742,121000,2285250,18.8,19.0,18.7,18.95,0.3,53,18.88724686718443,18.999955203213414,19.25236888877344,19.82099344553413,19.027935644283374
2019-07-24,1742,68000,1297400,19.2,19.2,18.95,18.95,0.0,27,18.908164578122953,18.990872438992792,19.226075941923575,19.794993641189826,19.027347450741612
2019-07-25,1742,275000,5153100,18.85,19.0,18.5,18.5,-0.45,105,18.772109718748634,18.901622904630464,19.162938903495437,19.756337114587144,19.0233674699813
2019-07-26,1742,86000,1629450,18.7,19.3,18.7,18.8,0.3,63,18.781406479165756,18.88314601287947,19.13137899884366,19.727789738032303,19.021681677755026
2019-07-29,1742,106000,2001250,19.25,19.25,18.75,18.75,-0.05,69,18.77093765277717,18.858937646901385,19.098215607639865,19.698601984658204,19.019631249998383
2019-07-30,1742,101000,1887600,18.85,18.85,18.55,18.55,-0.2,49,18.697291768518113,18.80276716564659,19.0505446852364,19.664315358250498,19.016086863205942
2019-07-31,1742,133000,2489600,18.7,19.1,18.55,18.55,0.0,76,18.64819451234541,18.756809499165392,19.007019060433233,19.631052213228095,19.0125692265025
2019-08-01,1742,336000,6151250,18.55,19.0,17.9,17.9,-0.65,123,18.398796341563607,18.601025953862592,18.910756533439038,19.579379012833225,19.004172477623236
2019-08-02,1742,185000,3336100,18.1,18.2,17.9,17.95,0.05,102,18.249197561042404,18.48265759861485,18.827212487053036,19.530740833345668,18.99621645892419
2019-08-05,1742,211000,3763400,18.1,18.25,17.65,17.65,-0.3,70,18.049465040694937,18.331265307957604,18.724846183831033,19.474599315932362,18.986056334705896
2019-08-06,1742,253000,4391300,17.5,17.65,16.7,17.3,-0.35,97,17.799643360463293,18.143762524692587,18.60094651567181,19.409685903516472,18.973331381236417
2019-08-07,1742,245000,4325750,17.55,18.05,17.3,17.3,0.0,97,17.633095573642194,17.99035115656666,18.48782073170035,19.34671020490404,18.960702465151613
2019-08-08,1742,573000,10740850,17.45,19.0,17.45,19.0,1.7,254,18.08873038242813,18.17392367355454,18.53235805937858,19.336360646548695,18.96099905032028
2019-08-12,1742,737000,14015000,18.9,19.4,18.8,19.0,0.0,312,18.39248692161875,18.324119369271898,18.573022575954358,19.32632003023381,18.961293397110314
2019-08-13,1742,142000,2700850,19.0,19.2,18.95,19.0,0.0,77,18.594991281079167,18.44700675667701,18.6101510476105,19.31657913380892,18.96158552241514
2019-08-14,1742,254000,4883200,19.1,19.7,19.1,19.15,0.15,133,18.779994187386112,18.574823710008463,18.657094434774805,19.311606622351935,18.963007518472384
2019-08-15,1742,99000,1893550,19.05,19.2,19.05,19.1,-0.05,57,18.88666279159074,18.670310308188743,18.695607962185694,19.30529000675934,18.964041423993347
2019-08-16,1742,383000,7562500,19.15,20.25,19.15,20.25,1.15,184,19.34110852772716,18.95752661579079,18.830772487213025,19.33349030506503,18.973746771736792
2019-08-19,1742,409000,8354500,20.3,20.9,20.0,20.2,-0.05,195,19.62740568515144,19.18343086746519,18.949835749194502,19.359356266107866,18.983001513082176
2019-08-20,1742,111000,2237000,20.5,20.5,20.1,20.2,0.0,63,19.818270456767628,19.368261618835156,19.058545684047154,19.384450108910617,18.992186407323064
2019-08-21,1742,119000,2401200,20.15,20.25,20.1,20.15,-0.05,46,19.92884697117842,19.510395869956035,19.153454754999576,19.407302344465524,19.000924623116852
2019-08-22,1742,199000,4014200,20.2,20.3,20.0,20.2,0.05,81,20.019231314118947,19.63577843905494,19.24445868934744,19.430964961048645,19.009974248602763
2019-08-23,1742,55000,1109800,20.2,20.4,20.15,20.2,0.0,34,20.079487542745966,19.738364177408585,19.327549238099834,19.453921230868087,19.018955575028404
2019-08-26,1742,145000,2907350,20.05,20.15,20.0,20.05,-0.15,61,20.069658361830644,19.79502523606157,19.390371043482457,19.471714626961578,19.02673704238668
2019-08-27,1742,85000,1704750,20.1,20.1,20.05,20.1,0.05,43,20.07977224122043,19.850475193141286,19.452077909266592,19.490469414216456,19.034837140179988
2019-08-28,1742,136000,2722750,20.1,20.1,19.75,20.05,-0.05,64,20.06984816081362,19.88675243075196,19.504071134547758,19.507171819762235,19.042498746669196
2019-08-29,1742,57000,1140000,20.0,20.0,20.0,20.0,-0.05,27,20.046565440542413,19.90734289788797,19.54719538371752,19.521883108724555,19.049725171222637
2019-08-30,1742,82000,1646750,20.05,20.15,20.05,20.15,0.15,23,20.081043627028276,19.951462370999245,19.599613176437735,19.540632866673075,19.05802913219454
2019-09-02,1742,76000,1528150,20.15,20.3,20.05,20.05,-0.1,40,20.070695751352183,19.969378303544836,19.638777248051845,19.55583785572761,19.065515704781753
2019-09-03,1742,47000,946050,20.1,20.35,20.05,20.3,0.25,29,20.147130500901454,20.029491339263956,19.696274878656034,19.578051651079026,19.074832567387173
2019-09-04,1742,45000,906050,20.3,20.35,20.1,20.1,-0.2,23,20.131420333934305,20.04231109576142,19.731381410946813,19.59363219880801,19.082569680086138
2019-09-05,1742,163000,3279300,20.3,20.3,20.05,20.1,0.0,43,20.120946889289538,20.052799987441162,19.763435201299263,19.60874765556001,19.090248399481716
2019-09-06,1742,48000,967750,20.1,20.4,20.1,20.2,0.1,27,20.147297926193026,20.079563626088223,19.801397357708023,19.626396979274634,19.09862388325921
2019-09-09,1742,151000,3062100,20.05,20.9,20.05,20.35,0.15,81,20.214865284128685,20.128733875890365,19.84910193529863,19.64799706944554,19.108068231310085
2019-09-10,1742,210000,4385500,20.35,21.35,20.3,21.2,0.85,128,20.543243522752455,20.32350953481939,19.966571332229183,19.694325515133734,19.123856395602086
2019-09-11,1742,229000,4783250,20.3,21.5,20.3,21.3,0.1,142,20.79549568183497,20.50105325576132,20.082521651165777,19.742256096771534,19.140280120918298
2019-09-12,1742,139000,2953350,21.0,21.8,21.0,21.2,-0.1,89,20.930330454556646,20.628134481986535,20.179693681499188,19.78577084015149,19.15582517660948
2019-09-16,1742,61000,1283000,21.2,21.25,20.75,21.2,0.0,41,21.020220303037764,20.732110030716257,20.268415970064478,19.827986635967864,19.171252911125634
2019-09-17,1742,9000,188350,20.95,21.05,20.8,20.9,-0.3,8,20.980146868691843,20.762635479676938,20.323336320493652,19.859987034894196,19.184300058966194
2019-09-18,1742,36000,756950,21.1,21.25,20.85,21.1,0.2,30,21.020097912461228,20.82397448337204,20.39087229262464,19.897002347285415,19.198758171728713
2019-09-19,1742,43000,900350,21.3,21.3,20.75,20.75,-0.35,32,20.93006527497415,20.810524577304395,20.422100788918147,19.922464963784357,19.2104656572251
2019-09-20,1742,107000,2228600,20.85,21.0,20.75,20.75,0.0,29,20.870043516649435,20.799520108703597,20.45061376379483,19.947167502178853,19.22208478434038
2019-09-23,1742,67000,1398850,20.75,20.95,20.6,20.6,-0.15,19,20.780029011099625,20.763243725302942,20.463603871290932,19.966655039427245,19.232484144458567
2019-09-24,1742,121000,2458350,20.55,20.55,20.2,20.3,-0.3,42,20.620019340733084,20.67901759342968,20.449377447700417,19.976605635265237,19.240540867896616
2019-09-25,1742,78000,1566750,19.9,20.2,19.9,20.0,-0.3,30,20.41334622715539,20.55555984916974,20.41030114790038,19.977303974511052,19.24627263493136
2019-09-26,1742,121000,2464250,20.0,20.55,20.0,20.5,0.5,39,20.442230818103592,20.545458058411604,20.418101048082956,19.992906840943558,19.25573472825263
2019-09-27,1742,78000,1588650,20.55,20.55,20.15,20.15,-0.35,18,20.344820545402396,20.473556593245856,20.39478791346705,19.997596188975095,19.262483900114873
2019-10-01,1742,95000,1911800,20.2,20.2,20.0,20.0,-0.15,24,20.2298803636016,20.387455394473882,20.360458529687307,19.99766794452808,19.26805005935929
2019-10-02,1742,656000,13995800,21.9,21.95,20.1,20.1,0.1,345,20.18658690906773,20.335190777296813,20.33780996188841,20.00072263275112,19.274328926835825
2019-10-03,1742,120000,2442300,20.0,20.55,20.0,20.5,0.4,64,20.291057939378486,20.365156090515573,20.35191344346333,20.01562643475855,19.28357927455782
2019-10-04,1742,77000,1563200,20.5,20.5,20.25,20.3,-0.2,30,20.294038626252323,20.35330952860365,20.34739923098826,20.024115197900084,19.291250374372478
2019-10-07,1742,106000,2186050,20.4,20.85,20.4,20.65,0.35,42,20.41269241750155,20.407253250675712,20.373712341337107,20.042798326320977,19.301505088528156
2019-10-08,1742,71000,1463950,20.8,20.8,20.5,20.5,-0.15,22,20.441794945001032,20.4241162960074,20.384693876873012,20.056446137475575,19.310550333143038
2019-10-09,1742,107000,2151150,20.2,20.2,20.0,20.1,-0.4,41,20.327863296667356,20.36518606036969,20.359937887579708,20.057746252774812,19.316508443836298
2019-10-14,1742,22000,443000,20.1,20.35,20.05,20.05,-0.05,17,20.235242197778238,20.30787950393884,20.3329867669206,20.0575150213487,19.322044229165837
2019-10-15,1742,93000,1878000,20.25,20.45,20.0,20.05,0.0,48,20.173494798518824,20.260992321404505,20.308379221970984,20.057290692353217,19.327538234983454
2019-10-16,1742,71000,1423400,20.05,20.3,20.0,20.0,-0.05,30,20.11566319901255,20.21353917205823,20.281563637451768,20.055580522432226,19.332613418115653
2019-10-17,1742,67000,1331650,20.2,20.2,19.5,20.15,0.15,42,20.1271087993417,20.20198659532037,20.270123321151615,20.058399014299923,19.33878237345063
2019-10-18,1742,49000,987250,20.2,20.25,20.0,20.2,0.05,29,20.151405866227798,20.201625396171213,20.264025641051475,20.062625909395447,19.3452821291227
2019-10-21,1742,61000,1226050,20.0,20.15,20.0,20.05,-0.15,25,20.11760391081853,20.174057142321903,20.24541471574265,20.062249016577674,19.350600754563285
2019-10-22,1742,65000,1301850,20.05,20.15,19.95,20.0,-0.05,31,20.078402607212354,20.142410389172465,20.224074305678073,20.06039083697834,19.35550188094394
2019-10-23,1742,28000,560050,20.05,20.05,19.95,20.0,0.0,16,20.052268404808235,20.116517591141108,20.2045895834452,20.05858812542675,19.360366017691533
2019-10-24,1742,206000,4210850,20.2,21.85,20.2,20.5,0.5,80,20.201512269872158,20.186241665479088,20.23027744575431,20.071764599294607,19.368967028878767
2019-10-25,1742,79000,1602950,20.4,20.4,20.2,20.25,-0.25,32,20.21767484658144,20.197834089937434,20.231992450471328,20.077085059017154,19.37561633432119
2019-10-28,1742,224000,4674950,20.5,21.5,20.35,20.75,0.5,139,20.395116564387624,20.29822789176699,20.27703658521295,20.097172072180822,19.385989041231973
2019-10-29,1742,211000,4432550,21.0,21.3,20.8,20.8,0.05,106,20.53007770959175,20.389459184172992,20.322511664759652,20.11815201032468,19.396660822052862
2019-10-30,1742,70000,1433800,20.8,20.8,20.3,20.4,-0.4,26,20.486718473061167,20.391375696141537,20.32924978086751,20.12656538315081,19.40423319320718
2019-10-31,1742,105000,2162950,20.4,21.2,20.4,20.45,0.05,34,20.47447898204078,20.40203466047944,20.339749799922508,20.136220147832873,19.412125772881087
2019-11-01,1742,29000,591950,20.4,20.5,20.35,20.45,0.0,15,20.46631932136052,20.41075563130136,20.34933677384229,20.14558671058413,19.419958785915945
2019-11-04,1742,172000,3527450,20.8,20.8,20.45,20.5,0.05,30,20.477546214240345,20.426981880155658,20.36243792394296,20.156166211760723,19.42811004036186
2019-11-05,1742,107000,2193500,20.4,20.6,20.4,20.4,-0.1,27,20.45169747616023,20.42207608376372,20.36570419142618,20.163444832305178,19.43544505892517
2019-11-06,1742,461000,9542500,20.6,21.35,20.4,20.5,0.1,168,20.467798317440153,20.436244068533952,20.377382087823904,20.173491255221442,19.443479435838942
2019-11-07,1742,322000,6667350,20.5,20.95,20.5,20.75,0.25,97,20.561865544960103,20.49329060152778,20.409783645404435,20.19070047148349,19.453339968398648
2019-11-08,1742,36000,737750,20.4,20.65,20.4,20.55,-0.2,21,20.557910363306735,20.503601401250002,20.421976371891006,20.201425830543684,19.461616647882433
2019-11-11,1742,33000,676900,20.55,20.6,20.45,20.5,-0.05,23,20.538606908871156,20.502946601022728,20.428761035204833,20.2103384923185,19.46945350337011
2019-11-12,1742,24000,492650,20.55,20.65,20.5,20.65,0.15,10,20.575737939247436,20.529683582654958,20.447999206056586,20.223462716428394,19.478363288250335
2019-11-13,1742,17000,349200,20.55,20.55,20.5,20.55,-0.1,12,20.567158626164957,20.533377476717693,20.456868840312534,20.233210098027545,19.486451112489956
2019-11-14,1742,75000,1518900,20.5,20.5,20.1,20.15,-0.4,37,20.428105750776638,20.46367248095084,20.430184593328836,20.230726214504333,19.491459028622106
2019-11-15,1742,25000,506100,20.15,20.35,20.15,20.2,0.05,15,20.35207050051776,20.41573202986887,20.410168541735025,20.229809014071368,19.496806507651375
2019-11-18,1742,126000,2561250,20.4,20.6,20.3,20.4,0.2,29,20.36804700034517,20.4128716608018,20.409284320714587,20.234889342009534,19.50362306231061
2019-11-19,1742,347000,7253750,20.65,21.3,20.5,20.85,0.45,145,20.528698000230115,20.49234954065602,20.447607423261143,20.253250854188355,19.513784397689395
2019-11-20,1742,415000,8617650,20.85,21.25,20.35,20.4,-0.45,185,20.485798666820077,20.475558715082197,20.44346764732539,20.25763142570512,19.520472817329477
2019-11-21,1742,28000,571900,20.4,20.55,20.35,20.5,0.1,22,20.49053244454672,20.480002585067254,20.448383504079704,20.264866308519892,19.527865475311895
2019-11-22,1742,201000,4128950,20.55,20.6,20.4,20.4,-0.1,37,20.460354963031147,20.46545666050957,20.44417624285538,20.268900150056613,19.534447622668033
2019-11-25,1742,53000,1095400,20.7,20.8,20.4,20.4,0.0,30,20.440236642020764,20.45355544950783,20.440334830433173,20.272813578413132,19.54098009344035
2019-11-26,1742,21000,429650,20.65,20.65,20.4,20.4,0.0,18,20.42682442801384,20.443818095051864,20.436827453873768,20.27661018801274,19.54746326254646
2019-11-27,1742,48000,981900,20.5,20.6,20.4,20.4,0.0,31,20.417882952009226,20.4358511686788,20.433625066580397,20.28029346598251,19.553897502074413
2019-11-28,1742,183000,3770650,20.45,20.8,20.45,20.75,0.35,55,20.52858863467282,20.492969138009926,20.461135930356015,20.294314556550194,19.562924690738004
2019-11-29,1742,235000,4758400,20.75,20.75,19.7,20.2,-0.55,90,20.41905908978188,20.43970202200812,20.438428458151144,20.291499196653174,19.567732806279604
2019-12-02,1742,194000,3888400,20.1,20.2,19.8,20.0,-0.2,60,20.279372726521252,20.359756199824826,20.40030424439887,20.282797728096362,19.570995200194474
2019-12-03,1742,121000,2471600,20.0,20.8,20.0,20.3,0.3,37,20.286248484347503,20.348891436220313,20.391582136190273,20.283311228750204,19.576497123211876
2019-12-04,1742,115000,2303650,20.2,20.2,20.0,20.0,-0.3,54,20.190832322898334,20.2854566296348,20.35753151565199,20.27485417714572,19.57969337133858
2019-12-05,1742,207000,4153500,20.0,20.15,19.95,20.0,0.0,51,20.12722154859889,20.233555424246656,20.326441818638774,20.266649574842862,19.58286549683791
2019-12-06,1742,228000,4597200,20.15,20.45,20.1,20.2,0.2,38,20.15148103239926,20.22745443801999,20.315446877887577,20.264660035295314,19.587523115729702
2019-12-09,1742,72000,1473900,20.4,20.75,20.3,20.7,0.5,37,20.334320688266175,20.313371812925446,20.348886279810397,20.27765525812232,19.59591916768646
2019-12-10,1742,225000,4652350,20.7,21.0,20.3,21.0,0.3,94,20.55621379217745,20.438213301484456,20.40550486417471,20.29921778773061,19.606516004156752
2019-12-11,1742,463000,9999150,21.9,21.95,21.25,21.25,0.25,238,20.787475861451632,20.585810883032735,20.47893922381169,20.327599346305814,19.61891965695557
2019-12-12,1742,101000,2112650,21.05,21.3,20.75,20.75,-0.5,60,20.77498390763442,20.615663449754056,20.502509726088935,20.340208321042955,19.627456112374773
2019-12-13,1742,84000,1737150,20.75,20.85,20.5,20.7,-0.05,57,20.74998927175628,20.63099736798059,20.51968279338555,20.350948371161074,19.635550783224776
2019-12-16,1742,45000,928850,20.9,20.9,20.5,20.5,-0.2,31,20.666659514504186,20.607179664711392,20.517971246134632,20.355397673514474,19.642074928257042
2019-12-17,1742,48000,985950,20.5,20.6,20.4,20.5,0.0,17,20.611106343002792,20.587692452945685,20.516408529079445,20.35971416087225,19.648549834458876
2019-12-18,1742,77000,1569300,20.8,20.8,20.3,20.3,-0.2,31,20.507404228668527,20.535384734228288,20.497590396116017,20.35793164860741,19.65346643948183
2019-12-19,1742,23000,467650,20.3,20.4,20.2,20.2,-0.1,12,20.404936152445686,20.474405691641326,20.4717129703668,20.35321727103704,19.657591221070646
2019-12-20,1742,63000,1271750,20.2,20.3,20.05,20.15,-0.05,32,20.31995743496379,20.41542283861563,20.44373792946534,20.347151083841904,19.66130751374181
2019-12-23,1742,39000,787350,20.3,20.4,20.15,20.15,0.0,19,20.263304956642525,20.367164140685514,20.41819550081618,20.34126597686155,19.66499575892112
2019-12-24,1742,41000,825900,20.15,20.2,20.1,20.1,-0.05,18,20.208869971095016,20.318588842379057,20.390526326832163,20.334064007402997,19.668278809797187
2019-12-25,1742,125000,2571650,20.3,21.0,20.3,20.35,0.25,81,20.255913314063346,20.3242999619465,20.387002298411975,20.334539708674548,19.673423875383623
2019-12-26,1742,62000,1264400,20.35,20.6,20.3,20.4,0.05,39,20.303942209375563,20.338063605228957,20.388132533332673,20.336493747221578,19.678907468776956
2019-12-27,1742,176000,3606800,20.45,20.8,20.4,20.4,0.0,41,20.33596147291704,20.349324767914602,20.38916448695592,20.33838945625974,19.684349676559773
2019-12-30,1742,162000,3285600,20.35,20.35,20.05,20.3,-0.1,45,20.32397431527803,20.340356628293765,20.38141105330758,20.33724350234154,19.68899609409517
2019-12-31,1742,148000,3021250,20.2,20.7,20.2,20.25,-0.05,39,20.299316210185353,20.323928150422173,20.369984005193878,20.334639218689553,19.693230085837847
2020-01-02,1742,47000,962650,20.25,20.6,20.25,20.4,0.15,34,20.3328774734569,20.33775939579996,20.37259409169876,20.336590286788372,19.698564198397563
2020-01-03,1742,71000,1442850,20.25,20.6,20.15,20.2,-0.2,40,20.2885849823046,20.31271223292724,20.35758590981191,20.332512964794688,19.70234861954173
2020-01-06,1742,56000,1140750,20.35,20.7,20.1,20.35,0.15,39,20.30905665486973,20.319491826940467,20.35692626548044,20.33303496584559,19.707236554488585
2020-01-07,1742,63000,1274300,20.35,20.35,20.15,20.15,-0.2,32,20.256037769913153,20.28867513113311,20.33893267717779,20.32757123552184,19.710578165398104
2020-01-08,1742,12000,243300,20.25,20.3,20.2,20.25,0.1,11,20.2540251799421,20.28164328910891,20.33119940090146,20.32525567625253,19.714649273583778
2020-01-09,1742,181000,3729400,20.55,20.8,20.5,20.5,0.25,95,20.33601678662807,20.321344509270926,20.345877713866553,20.330471924722605,19.720576448877484
2020-01-10,1742,141000,2867400,20.5,20.5,20.2,20.25,-0.25,54,20.307344524418713,20.308372780312574,20.337540521356416,20.32806977771596,19.724572098319918
2020-01-13,1742,57000,1162450,20.3,20.5,20.3,20.5,0.25,38,20.371563016279143,20.343214092983015,20.351667432542815,20.333202023157273,19.730424384370334
2020-01-14,1742,73000,1486100,20.5,20.5,20.3,20.35,-0.15,26,20.364375344186097,20.34444789425883,20.351522438408658,20.333703455301833,19.735100426752446
2020-01-15,1742,53000,1082600,20.4,20.55,20.35,20.4,0.05,27,20.376250229457398,20.354548277120863,20.355737878547036,20.335682456636107,19.74011853673922
2020-01-16,1742,240000,4989950,20.5,21.0,20.5,20.9,0.5,125,20.55083348630493,20.45372131764434,20.403065019542947,20.352527756438015,19.748872359103455
2020-01-17,1742,234000,4911100,21.2,21.2,20.8,21.0,0.1,99,20.700555657536622,20.55304471443628,20.454972409147906,20.371855286096583,19.75831483186494
2020-01-20,1742,243000,5178900,21.7,21.7,21.05,21.25,0.25,116,20.88370377169108,20.679763857266046,20.524105243135043,20.398068561138476,19.769572833133886
2020-01-30,1742,418000,8615750,21.1,21.1,20.45,20.7,-0.55,160,20.82246918112739,20.683443155944946,20.53940043938417,20.407081439910463,19.77659492495929
2020-01-31,1742,392000,8202550,20.65,21.3,20.65,21.05,0.35,146,20.89831278741826,20.750089854864047,20.583800401176852,20.426273038719106,19.78620552929922
2020-02-03,1742,261000,5459250,20.8,21.15,20.65,21.15,0.1,134,20.982208524945506,20.82280079034331,20.633035148900603,20.447876828608088,19.79649831775734
2020-02-04,1742,887000,19877000,21.7,23.0,21.7,22.45,1.3,414,21.47147234996367,21.118655192099073,20.791032092474463,20.507641699395908,19.816524745547852
2020-02-05,1742,791000,18187800,23.0,23.5,22.7,22.75,0.3,375,21.897648233309113,21.41526333899015,20.961377127911465,20.574577768070657,19.83866418143051
2020-02-06,1742,263000,6016850,22.95,23.0,22.6,22.8,0.05,123,22.198432155539408,21.667033640991942,21.121257377658296,20.641008282456607,19.8610138857216
2020-02-07,1742,210000,4786950,22.95,22.95,22.7,22.8,0.0,101,22.398954770359605,21.873027524447952,21.267234996992357,20.705455796413126,19.883194912999173
2020-02-10,1742,850000,19856650,22.75,23.55,22.75,23.5,0.7,468,22.765969846906405,22.16884070182105,21.46138847551476,20.788875026370942,19.910491555165216
2020-02-11,1742,662000,15802750,24.0,24.35,23.6,23.65,0.15,418,23.06064656460427,22.43814239239904,21.65170252112217,20.87428174200166,19.938714260409252
2020-02-12,1742,777000,18352850,23.8,24.0,23.25,23.7,0.05,344,23.273764376402845,22.667571048326487,21.829815345372417,20.95863154074788,19.967101322594843
2020-02-13,1742,716000,17121250,24.0,24.2,23.7,23.8,0.1,250,23.44917625093523,22.873467221358034,22.001135750122643,21.04344850968078,19.996028859782808
2020-02-14,1742,311000,7445000,23.95,24.0,23.8,24.0,0.2,146,23.632784167290154,23.0782913629293,22.174950032720673,21.131703778048518,20.026247509897654
2020-02-17,1742,545000,13054200,24.1,24.3,23.75,23.95,-0.05,301,23.738522778193435,23.2367838423967,22.32930220378844,21.215832023479905,20.05586073623805
2020-02-18,1742,624000,15249650,24.05,25.0,23.85,24.55,0.6,312,24.00901518546229,23.47555041650639,22.52240635998075,21.315359425764086,20.089778768417386
2020-02-19,1742,604000,14968750,24.75,24.9,24.55,24.75,0.2,286,24.256010123641527,23.707268522596138,22.716110154765033,21.417886010069637,20.12495024941046
2020-02-20,1742,430000,10707700,24.85,25.0,24.8,24.8,0.05,190,24.437340082427685,23.905946973033203,22.897317967394162,21.51884463663472,20.160233643754534
2020-02-21,1742,706000,17280750,24.75,24.9,24.2,24.2,-0.6,338,24.358226721618458,23.95941115975444,23.010594665881626,21.598879125093386,20.19072244644318
2020-02-24,1742,576000,13610850,24.05,24.05,23.4,24.0,-0.2,270,24.238817814412304,23.966790948889994,23.0966299123267,21.6705543750906,20.219471710998324
2020-02-25,1742,223000,5293650,23.6,23.95,23.55,23.85,-0.15,124,24.10921187627487,23.945556230909997,23.162140354733076,21.735612453446105,20.246871924500223
2020-02-26,1742,266000,6359850,23.65,24.2,23.65,23.9,0.05,144,24.039474584183246,23.937273279835452,23.226302063017155,21.800221036925326,20.274442702428523
2020-02-27,1742,385000,9137550,23.85,24.0,23.55,24.0,0.1,182,24.0263163894555,23.94867813804719,23.293580144493923,21.865886080599196,20.3025601159951
2020-03-02,1742,365000,8577650,23.85,23.9,23.2,23.55,-0.45,179,23.867544259637,23.87619120385679,23.31587752323358,21.916158137894744,20.32706909625174
2020-03-03,1742,375000,8919550,23.55,24.05,23.55,23.95,0.4,153,23.895029506424667,23.88961098497374,23.37101860816979,21.97686983527102,20.35441197099701
2020-03-04,1742,290000,6907500,23.75,24.0,23.65,23.9,-0.05,122,23.896686337616444,23.891499896796695,23.41701699006807,22.034276705859945,20.38117112593288
2020-03-05,1742,794000,19386050,24.3,24.65,24.1,24.65,0.75,429,24.147790891744297,24.029409006470022,23.524232903975193,22.112357998222336,20.413388702340935
2020-03-06,1742,1047000,26023600,24.6,25.4,24.45,25.0,0.35,629,24.431860594496197,24.205880096202744,23.65256047754257,22.198556266932115,20.44800463666289
2020-03-09,1742,407000,10043350,24.8,25.0,24.4,24.5,-0.5,229,24.45457372966413,24.2593564423477,23.726250870799735,22.267256079859514,20.47858573374468
2020-03-10,1742,506000,11710000,24.25,24.25,22.1,23.3,-1.2,261,24.069715819776086,24.08492799828448,23.689185577686715,22.298084256580125,20.49987942632019
2020-03-11,1742,207000,4751450,22.9,23.35,22.35,22.35,-0.95,114,23.496477213184058,23.769486544050938,23.57273465788787,22.2996339802643,20.51384260046117
2020-03-12,1742,941000,19204450,22.05,22.1,20.15,20.45,-1.9,301,22.480984808789373,23.165943536041677,23.30119251372371,22.244421025629546,20.513360769514293
2020-03-13,1742,695000,12831350,18.5,18.65,18.45,18.45,-2.0,202,21.13732320585958,22.308499256761372,22.879349686443387,22.13115472635702,20.49778823540475
2020-03-16,1742,464000,8670450,18.85,19.2,17.8,18.75,0.3,209,20.341548803906388,21.661499391895667,22.5202758006657,22.03022473452547,20.484597380797922
2020-03-17,1742,341000,6144000,18.0,18.4,17.85,18.15,-0.6,172,19.611032535937593,21.023044957005546,22.14025181799912,21.914397130509784,20.466977777923976
2020-03-18,1742,263000,4705000,18.05,18.3,17.7,17.8,-0.35,129,19.007355023958397,20.437036783004537,21.762838616433978,21.791579305718447,20.446849643750966
2020-03-19,1742,394000,6344900,17.35,17.35,16.05,16.15,-1.65,186,18.054903349305597,19.657575549730986,21.274765693265806,21.623173953308942,20.414420589835863
2020-03-20,1742,347000,6117400,16.15,17.75,16.1,17.75,1.6,119,17.953268899537065,19.31074363159808,20.968264328633996,21.507556820374347,20.39431175519559
2020-03-23,1742,173000,2964800,16.9,17.5,16.8,17.5,-0.25,99,17.802179266358042,18.981517516762064,20.666676126144083,21.387928258572128,20.372467892892228
2020-03-24,1742,270000,4846850,17.65,18.3,17.65,18.25,0.75,126,17.951452844238695,18.848514331896233,20.456530376044597,21.294258758316243,20.356449267285495
2020-03-25,1742,313000,5956450,18.9,19.2,18.5,19.2,0.95,151,18.367635229492464,18.91242081700601,20.347266865084197,21.231743571500832,20.347721348287113
2020-03-26,1742,170000,3255050,19.65,19.65,18.85,19.25,0.05,105,18.661756819661644,18.973798850277642,20.251852355076878,21.172587046978418,20.339436658866077
2020-03-27,1742,197000,3781800,19.35,19.4,19.05,19.2,-0.05,95,18.841171213107764,19.014926332045345,20.16038693289628,21.113703851546227,20.330837136912372
2020-03-30,1742,171000,3251300,19.2,19.2,18.85,19.1,-0.1,74,18.927447475405177,19.030394271673465,20.068179373513996,21.053593288813502,20.321547800030014
2020-03-31,1742,372000,7216850,19.5,19.75,19.05,19.25,0.15,112,19.03496498360345,19.070322585914653,19.997033341034516,20.99975468317728,20.31346064682224
2020-04-01,1742,109000,2068200,19.1,19.3,18.85,19.0,-0.25,44,19.023309989068967,19.0575366612029,19.91033478964021,20.940060513530195,20.303547736280183
2020-04-06,1742,83000,1573050,19.25,19.35,18.8,19.0,0.0,43,19.015539992712643,19.0470754500751,19.831175242714973,20.882148259394967,20.293709640157314
2020-04-07,1742,145000,2743650,19.25,19.25,18.7,18.7,-0.3,81,18.91035999514176,18.983970822788717,19.732812178131063,20.817009505383176,20.281681642873107
2020-04-08,1742,128000,2413450,18.65,19.0,18.65,18.75,0.05,72,18.85690666342784,18.94143067319077,19.647350249597928,20.75530772910308,20.270121781417462
2020-04-09,1742,65000,1229750,18.95,19.0,18.8,18.8,0.05,38,18.83793777561856,18.915716005337902,19.57366761919811,20.69694033420448,20.259026522689783
2020-04-10,1742,176000,3347600,18.8,19.2,18.8,19.15,0.35,74,18.94195851707904,18.958313095276466,19.53682695665914,20.65076301079539,20.250656511197786
2020-04-13,1742,137000,2621800,19.0,19.35,19.0,19.2,0.05,65,19.02797234471936,19.002256168862562,19.507537656080085,20.607456652264187,20.242727028094407
2020-04-14,1742,150000,2904350,19.15,19.45,19.1,19.45,0.25,64,19.168648229812906,19.083664138160277,19.502534381638338,20.572905707420478,20.236744182599356
2020-04-15,1742,427000,8675550,19.4,20.85,19.4,20.45,1.0,184,19.595765486541936,19.332088840312952,19.584922696278483,20.5692368803333,20.23835366046653
2020-04-16,1742,133000,2717850,20.65,20.65,20.2,20.5,0.05,80,19.89717699102796,19.544436323892416,19.664494635732527,20.567170107786037,20.2403283498215
2020-04-17,1742,121000,2470700,20.6,20.9,20.3,20.4,-0.1,67,20.064784660685305,19.699993355911978,19.7284516239297,20.56217995531481,20.24153341887945
2020-04-20,1742,125000,2512950,20.3,20.55,19.75,19.95,-0.45,44,20.026523107123538,19.745449109382527,19.747716700109727,20.54390592679795,20.239333166661492
2020-04-21,1742,92000,1804150,20.25,20.25,19.3,19.8,-0.15,59,19.951015404749025,19.755367453131157,19.75226307401323,20.521699779729357,20.23601744464895
2020-04-22,1742,39000,763150,19.6,19.75,19.35,19.75,-0.05,26,19.884010269832682,19.754391552561856,19.7520662849686,20.498663965409076,20.23234938846292
2020-04-23,1742,37000,725700,19.75,19.75,19.5,19.65,-0.1,29,19.80600684655512,19.735411270277883,19.743190955840895,20.473330712710297,20.227954298738673
2020-04-24,1742,57000,1121450,19.95,19.95,19.45,19.9,0.25,37,19.837337897703414,19.76533649386372,19.75682652489821,20.456216363077154,20.22547917195574
2020-04-27,1742,130000,2636950,19.9,20.5,19.85,20.3,0.4,52,19.99155859846894,19.862548040433953,19.804059000994016,20.451553188059926,20.22604159329947
2020-04-28,1742,247000,5075750,20.3,20.85,20.3,20.5,0.2,75,20.161039065645962,19.97844839671869,19.864575609603232,20.452999361550674,20.228109203916077
2020-04-29,1742,239000,4907650,20.5,20.9,20.2,20.5,0.0,60,20.274026043763975,20.073275960951655,19.919829904420343,20.45440236568349,20.23016120992426
2020-04-30,1742,120000,2464500,20.55,20.8,20.4,20.6,0.1,63,20.382684029175984,20.169043968051355,19.978975130122922,20.45874856372279,20.232952446075775
2020-05-04,1742,26000,535750,20.6,20.7,20.5,20.7,0.1,18,20.488456019450656,20.265581428405653,20.04167294489484,20.465950099134048,20.236477333275204
2020-05-05,1742,39000,802000,21.0,21.0,20.35,20.5,-0.2,28,20.492304012967104,20.30820298687735,20.081527471425726,20.46696651408527,20.23846618359011
2020-05-06,1742,455000,9693550,20.4,22.5,20.2,21.55,1.05,233,20.844869341978068,20.53398426199056,20.20922073478001,20.49929587187377,20.248364552015843
2020-05-07,1742,3642000,85768700,23.5,23.7,22.9,23.15,1.6,1409,21.61324622798538,21.009623487083186,20.464940670886097,20.578421368235748,20.270263687472326
2020-05-08,1742,857000,19371100,23.5,23.6,21.5,22.2,-0.95,485,21.80883081865692,21.226055580340788,20.615815395156872,20.626826700527218,20.284827735114046
2020-05-11,1742,592000,13684600,23.15,23.7,22.6,22.6,0.4,293,22.072553879104614,21.475863656642463,20.78835318688236,20.68572739603387,20.3023007333396
2020-05-12,1742,245000,5577250,23.0,23.05,22.4,22.8,0.2,125,22.315035919403076,21.716615719071108,20.963278996718678,20.748840011077633,20.321151293842696
2020-05-13,1742,405000,9383800,22.7,23.65,22.7,23.35,0.55,198,22.66002394626872,22.013594679239997,21.17081995352575,20.826486577911137,20.344010529360865
2020-05-14,1742,375000,8620600,23.15,23.4,22.7,23.15,-0.2,205,22.82334929751248,22.220213828469088,21.34292256626264,20.89584518752573,20.365187808384558
2020-05-15,1742,251000,5577300,22.85,22.85,21.8,22.0,-1.15,146,22.548899531674987,22.18017495056562,21.400059734413716,20.928805032674216,20.377526013604296
2020-05-18,1742,125000,2705450,21.75,22.0,21.4,21.6,-0.4,92,22.232599687783324,22.074688595917323,21.417445844464698,20.948840703340657,20.386752232369545
2020-05-19,1742,140000,3026600,21.95,22.3,21.35,21.5,-0.1,95,21.98839979185555,21.97019976029599,21.42462446668516,20.965293219658847,20.395154102313928
2020-05-20,1742,120000,2560700,21.7,21.7,21.15,21.6,0.1,82,21.858933194570366,21.902890712969448,21.439874513060364,20.984239690713807,20.404247278900236
2020-05-21,1742,131000,2807050,21.6,21.8,21.2,21.6,0.0,94,21.77262212971358,21.84781967424773,21.45379846844642,21.002620595468617,20.413271827738726
2020-05-22,1742,184000,3911000,21.45,21.55,21.05,21.55,-0.05,132,21.698414753142387,21.793670642566326,21.462163819016297,21.018960279185972,20.421850908284092
2020-05-25,1742,811000,18466700,21.35,23.45,20.8,23.4,1.85,418,22.265609835428258,22.085730525736086,21.63067131301488,21.090036091747585,20.444327505202704
2020-05-26,1742,1728000,40747000,23.7,24.0,22.8,23.45,0.05,974,22.66040655695217,22.333779521056798,21.788873807535325,21.160482775576014,20.467011825918156
2020-05-27,1742,507000,11657850,23.45,23.45,22.7,23.05,-0.4,251,22.790271037968115,22.464001426319196,21.898536954706167,21.216886274812552,20.486506076288585
2020-05-28,1742,379000,8748050,23.05,23.45,22.9,23.05,0.0,167,22.87684735864541,22.57054662153389,21.998664176036065,21.271606087504715,20.505853200241123
2020-05-29,1742,271000,6206500,22.95,23.1,22.5,22.95,-0.1,133,22.901231572430273,22.639538144891365,22.0813890302938,21.32170739832547,20.5242995911827
2020-06-01,1742,326000,7399050,22.95,22.95,22.55,22.65,-0.3,105,22.817487714953515,22.641440300365662,22.130833462442165,21.36135792374859,20.540342613136037
2020-06-02,1742,148000,3356200,22.55,22.9,22.55,22.65,0.0,75,22.761658476635677,22.64299660939009,22.17597837875154,21.399824851397884,20.556264555678407
2020-06-03,1742,155000,3509000,22.65,22.7,22.55,22.7,0.05,88,22.74110565109045,22.653360862228254,22.221545476251407,21.438636049863618,20.57244369110725
2020-06-04,1742,615000,14134450,22.9,23.65,22.55,22.55,-0.15,285,22.677403767393635,22.634567978186755,22.250106739186066,21.47181109315127,20.58736864438191
2020-06-05,1742,154000,3493600,22.7,22.95,22.5,22.6,0.05,99,22.651602511595758,22.62828289124371,22.28053224012641,21.505488373952726,20.60255831499035
2020-06-08,1742,258000,5752900,22.6,22.6,21.9,22.5,-0.1,145,22.60106834106384,22.6049587291994,22.299616393158896,21.535175288163092,20.616878629594197
2020-06-09,1742,195000,4299450,22.1,22.45,21.85,22.0,-0.5,114,22.400712227375895,22.494966232981326,22.273562793753776,21.549050652695538,20.627317281446317
2020-06-10,1742,161000,3482900,21.6,22.05,21.45,21.55,-0.45,99,22.117141484917262,22.323154190621086,22.210644289949098,21.549078991421045,20.63428092460521
2020-06-11,1742,144000,3047000,21.3,21.55,20.9,21.1,-0.45,117,21.778094323278175,22.10076251959907,22.114066525605697,21.53567364839355,20.637795785551585
2020-06-12,1742,97000,2035700,20.6,21.4,20.6,21.4,0.3,72,21.65206288218545,21.97335115239924,22.05197378424868,21.531623688740012,20.643548270188933
2020-06-15,1742,88000,1865400,21.2,21.55,21.05,21.5,0.1,52,21.6013752547903,21.88728730650847,22.00397606387923,21.530679698031356,20.650012056829016
2020-06-16,1742,374000,8499450,22.85,23.2,22.25,22.7,1.2,198,21.967583503193534,22.035053250779658,22.064499884411468,21.56558478167221,20.66548366394729
2020-06-17,1742,73000,1645450,22.7,22.8,22.2,22.2,-0.5,56,22.04505566879569,22.06504356881972,22.076282503158296,21.58452254938349,20.677064919313725
2020-06-18,1742,42000,932700,22.4,22.5,22.0,22.1,-0.1,35,22.063370445863793,22.071399283579773,22.07834489418801,21.599909935969055,20.68780405199815
2020-06-19,1742,113000,2498000,22.1,22.2,21.85,22.15,0.05,47,22.092246963909194,22.085690322928905,22.08457577295427,21.61633053489535,20.698839493115145
2020-06-22,1742,121000,2636000,22.15,22.15,21.25,22.05,-0.1,86,22.07816464260613,22.079201173305467,22.081569184001726,21.629275892062655,20.709036930902954
2020-06-23,1742,71000,1546450,21.9,22.1,21.6,21.85,-0.2,54,22.00210976173742,22.037528232704474,22.061432733218968,21.635864671404068,20.717647972933875
2020-06-24,1742,160000,3401100,21.7,21.7,21.0,21.05,-0.8,100,21.68473984115828,21.857977644940025,21.973482060765146,21.618376173750214,20.72015629011928
2020-06-29,1742,1208000,27539200,20.7,23.15,20.55,23.0,1.95,509,22.12315989410552,22.065618073132747,22.062744490263828,21.659618676026327,20.737362657741023
2020-06-30,1742,1154000,25489350,23.0,23.0,21.4,21.65,-1.35,669,21.96543992940368,21.990051150744975,22.026853665023495,21.659331551368822,20.744250486739205
2020-07-01,1742,207000,4530650,21.75,22.3,21.5,21.6,-0.05,118,21.843626619602453,21.919132759700435,21.98973595502145,21.657560460283186,20.75070897363174
2020-07-02,1742,129000,2819700,21.8,22.2,21.6,21.85,0.25,91,21.84575107973497,21.906563167027628,21.97758500241089,21.66330492415533,20.7590055096798
2020-07-03,1742,101000,2203250,22.0,22.2,21.5,22.0,0.15,72,21.89716738648998,21.923551682113512,21.97953413263603,21.673355523434275,20.76837150583316
2020-07-06,1742,128000,2778700,22.15,22.15,21.55,21.55,-0.45,81,21.781444924326653,21.85563319445651,21.942183338493766,21.6696732690034,20.774270588808
2020-07-07,1742,153000,3295300,21.55,21.9,21.2,21.5,-0.05,114,21.687629949551102,21.790972613646236,21.903732613407353,21.664608395301805,20.779747791911337
2020-07-08,1742,232000,4975450,21.6,21.85,21.1,21.75,0.25,142,21.7084199663674,21.78352304752874,21.89036456006758,21.667157398427126,20.78707045008559
2020-07-09,1742,154000,3298350,21.7,21.7,21.2,21.65,-0.1,84,21.688946644244933,21.759246129796242,21.86946329397475,21.666645237280047,20.793583125934
2020-07-10,1742,76000,1610100,21.3,21.4,21.0,21.15,-0.5,48,21.509297762829956,21.648474106196925,21.80690126841173,21.65122299139109,20.796273064606197
2020-07-13,1742,74000,1579400,21.15,21.65,21.05,21.5,0.35,37,21.506198508553304,21.621478814161122,21.780214201593317,21.64670887224509,20.801584211288414
2020-07-14,1742,153000,3237700,21.4,21.65,20.65,21.25,-0.25,89,21.420799005702204,21.553937211586373,21.734108618846072,21.634866816357174,20.8049684813919
2020-07-15,1742,147000,3102550,21.3,21.3,21.05,21.05,-0.2,39,21.297199337134803,21.462312264025215,21.674620912859456,21.617408105421138,20.80681777587196
2020-07-16,1742,64000,1343200,21.05,21.3,20.85,21.3,0.25,33,21.2981328914232,21.43280094329336,21.64204518130646,21.607933236602598,20.81053990586538
2020-07-17,1742,67000,1413100,20.95,21.35,20.8,21.3,0.0,46,21.298755260948802,21.408655317240022,21.61230212206242,21.598741199689087,20.814233944311678
2020-07-20,1742,57000,1183050,21.0,21.0,20.6,20.9,-0.4,38,21.165836840632533,21.31617253228729,21.55036280710047,21.57788325342971,20.814881235298003
2020-07-21,1742,67000,1381200,20.8,20.8,20.5,20.5,-0.4,50,20.943891227088354,21.167777526416874,21.459026910830865,21.545707633924348,20.81250477314481
2020-07-22,1742,180000,3779000,20.5,21.3,20.5,20.85,0.35,77,20.912594151392238,21.10999979434108,21.406068049019485,21.524940241866904,20.812787755989
2020-07-23,1742,94000,1982900,21.0,21.4,20.9,21.3,0.45,45,21.04172943426149,21.144545286279065,21.396844740409094,21.518225607781325,20.816464829528705
2020-07-24,1742,448000,9582950,21.15,22.2,20.6,21.6,0.3,214,21.227819622840993,21.227355234228327,21.41451041515613,21.520666634414717,20.822378302513393
2020-07-27,1742,522000,11036550,22.0,22.0,20.9,21.05,-0.55,178,21.16854641522733,21.195108828004994,21.382813857316467,21.50661688413368,20.824096202117065
2020-07-28,1742,488000,10414650,21.2,22.1,20.75,21.05,0.0,175,21.129030943484885,21.168725404731358,21.353873521897643,21.492986529383423,20.82580113644071
2020-07-29,1742,211000,4439900,21.15,21.3,20.95,21.15,0.1,63,21.13602062898992,21.165320785689293,21.336145389558716,21.48274812552123,20.828247920316628
2020-07-30,1742,134000,2824900,21.15,21.45,20.75,21.15,0.0,60,21.140680419326614,21.16253518829124,21.319958833944913,21.472815345654926,20.830676237899144
2020-07-31,1742,145000,3022050,21.0,21.1,20.65,20.95,-0.2,78,21.077120279551075,21.12389242678374,21.2877885005584,21.45720891742642,20.831576794594245
2020-08-03,1742,176000,3664000,21.0,21.35,20.6,20.9,-0.05,105,21.01808018636738,21.08318471282306,21.254067761379407,21.44057581541369,20.832093196144477
2020-08-04,1742,132000,2710150,20.95,21.0,20.25,20.65,-0.25,78,20.895386790911587,21.00442385594614,21.20154012995511,21.41697653734164,20.830718907871688
2020-08-05,1742,197000,4045250,20.65,20.95,20.2,20.4,-0.25,131,20.730257860607725,20.89452860941048,21.13184098821988,21.386619028764276,20.827468199133033
2020-08-06,1742,324000,6604500,20.5,20.85,20.1,20.2,-0.2,193,20.55350524040515,20.768250680426757,21.050811337070325,21.351197565219074,20.82273259008297
2020-08-07,1742,49000,1002550,20.2,20.7,20.15,20.7,0.5,41,20.602336826936767,20.75584146580371,21.020306003412035,21.33175883192895,20.821806306384232
2020-08-10,1742,594000,12445250,20.9,21.35,20.35,20.9,0.2,214,20.70155788462451,20.782052108384853,21.009844611810987,21.31887050858779,20.822396447468126
2020-08-11,1742,245000,5097650,21.2,21.2,20.6,21.1,0.2,94,20.83437192308301,20.839860815951244,21.017684210783944,21.312337060570243,20.82449156861931
2020-08-12,1742,229000,4786450,20.9,21.3,20.6,20.8,-0.3,113,20.822914615388672,20.8326133948692,20.998755148976645,21.297043416971132,20.824306726591995
2020-08-13,1742,121000,2508800,20.8,20.95,20.6,20.9,0.1,62,20.848609743592448,20.84486550489298,20.990167744717805,21.285191374673484,20.824877996579982
2020-08-14,1742,260000,5474250,20.95,21.7,20.6,21.55,0.65,149,21.0824064957283,20.97307177673062,21.03884881039452,21.293096109757858,20.83035061547372
2020-08-17,1742,153000,3287050,21.75,21.75,21.25,21.5,-0.05,70,21.221604330485533,21.068876908234145,21.078948913838474,21.299272345287473,20.835404573092784
2020-08-18,1742,313000,6612250,21.3,21.5,20.8,21.35,-0.15,133,21.264402886990357,21.119990197646118,21.102518573504693,21.3007866036371,20.83928831216378
2020-08-19,1742,157000,3300150,21.35,21.35,20.8,21.3,-0.05,99,21.276268591326904,21.15271925261955,21.119690871460808,21.300763122931514,20.84276538150594
2020-08-20,1742,86000,1783650,20.9,21.05,20.5,20.9,-0.4,53,21.150845727551268,21.106770297597816,21.100587317420736,21.28880004463505,20.843197340890804
2020-08-21,1742,142000,2969000,20.9,21.15,20.8,21.1,0.2,77,21.133897151700847,21.105539334398213,21.10053624634067,21.283164222407137,20.8451354741671
2020-08-24,1742,348000,7364050,20.9,21.5,20.8,21.4,0.3,123,21.222598101133897,21.1590776372349,21.12657657274583,21.286651857559164,20.84932313096584
2020-08-25,1742,108000,2302450,21.5,21.5,21.2,21.25,-0.15,46,21.231732067422598,21.175608975919463,21.137309044680975,21.28555777225889,20.85234710733591
2020-08-26,1742,127000,2696450,21.4,21.55,21.1,21.45,0.2,60,21.3044880449484,21.225498253025016,21.164499562534804,21.290466495475044,20.856857695205072
2020-08-27,1742,236000,4983450,21.35,21.35,21.0,21.2,-0.25,94,21.269658696632266,21.220862207020467,21.167586557096996,21.287766003072804,20.859447448448808
2020-08-28,1742,164000,3469200,21.2,21.3,21.0,21.3,0.1,67,21.279772464421512,21.23525089665311,21.179100769523345,21.28813119701093,20.862772373366177
2020-08-31,1742,140000,2969600,21.3,21.4,21.1,21.3,0.0,68,21.28651497628101,21.247023460898,21.189613746086533,21.28848548963747,20.866072204510584
2020-09-01,1742,69000,1469100,21.2,21.4,21.15,21.4,0.1,37,21.324343317520672,21.27483737709836,21.207908202948573,21.291814280991574,20.870101848250126
2020-09-02,1742,141000,2980150,21.25,21.35,21.05,21.05,-0.35,67,21.232895545013783,21.23395785398957,21.19417705486609,21.284595944245556,20.871459570150126
2020-09-03,1742,144000,3088600,21.05,21.8,21.05,21.35,0.3,64,21.271930363342523,21.255056425991466,21.207726876182083,21.286548304118824,20.875071196035787
2020-09-04,1742,195000,4164750,21.3,21.6,21.0,21.45,0.1,80,21.331286908895017,21.290500712174836,21.228794104340164,21.291427459219754,20.879410281348726
2020-09-07,1742,488000,10494850,21.65,21.7,21.25,21.5,0.05,121,21.38752460593001,21.328591491779413,21.25237722570189,21.297653505213194,20.884093977338548
2020-09-08,1742,297000,6403100,21.5,21.75,21.4,21.7,0.2,116,21.491683070620006,21.396120311455885,21.29130094520607,21.30966384834116,20.890251758641654
2020-09-09,1742,87000,1868600,21.6,21.6,21.35,21.6,-0.1,61,21.52778871374667,21.433189345736633,21.318144341275108,21.318330599136946,20.89560834914247
2020-09-10,1742,413000,9071050,21.65,22.5,21.6,21.7,0.1,209,21.585192475831114,21.481700373784516,21.351349181164228,21.32972371558062,20.9016792295263
2020-09-11,1742,513000,11236600,21.85,22.2,21.7,21.85,0.15,196,21.673461650554078,21.548663942187332,21.394710121932555,21.345254350936422,20.90883636741667
2020-09-14,1742,494000,10814650,21.9,22.4,21.75,22.0,0.15,174,21.782307767036052,21.630725043607818,21.4473440243732,21.364798997177125,20.917071564643713
2020-09-15,1742,501000,10994850,22.2,22.25,21.8,21.95,-0.05,191,21.838205178024033,21.688775035679125,21.491053239645098,21.382267683828555,20.92486725094829
2020-09-16,1742,145000,3173750,22.1,22.1,21.8,22.0,0.05,72,21.892136785349354,21.745361392828375,21.53530947967596,21.400707454460537,20.932981460375093
2020-09-17,1742,210000,4597800,21.9,22.0,21.8,22.0,0.0,102,21.9280911902329,21.791659321405035,21.575717351008485,21.418596784178135,20.94103443048547
2020-09-18,1742,107000,2346000,22.0,22.0,21.8,21.9,-0.1,42,21.918727460155267,21.81135762660412,21.60391584222514,21.43296702942655,20.948271906481807
2020-09-21,1742,131000,2870950,21.8,22.0,21.8,21.95,0.05,57,21.929151640103512,21.836565330857916,21.634010116814256,21.44840084944367,20.955832118508358
2020-09-22,1742,116000,2532550,21.95,22.0,21.75,22.0,0.05,55,21.95276776006901,21.866280725247385,21.665835324047798,21.46486649572893,20.9637126308215
2020-09-23,1742,73000,1594100,22.0,22.0,21.8,21.8,-0.2,35,21.90184517337934,21.854229684293315,21.67750181760886,21.474870480931052,20.970024233607752
2020-09-24,1742,108000,2329400,21.7,21.75,21.4,21.4,-0.4,59,21.73456344891956,21.771642468967258,21.653371224773306,21.472635541201768,20.973269333731466
2020-09-25,1742,88000,1871600,21.4,21.7,20.9,21.4,0.0,58,21.623042299279707,21.70407111097321,21.631338944358234,21.470467316091266,20.976489942533494
2020-09-28,1742,70000,1517850,21.4,21.95,21.4,21.7,0.3,36,21.64869486618647,21.70333090897808,21.63730947093578,21.47731903799899,20.98195039579739
2020-09-29,1742,63000,1363900,21.7,21.8,21.5,21.8,0.1,35,21.69912991079098,21.720907107345703,21.651456473463103,21.486951305521405,20.98812435507439
2020-09-30,1742,51000,1109350,21.65,21.85,21.65,21.85,0.05,27,21.74941994052732,21.744378542373756,21.668721127944572,21.497788579983453,20.994629076922884
2020-10-05,1742,91000,1981550,22.0,22.0,21.65,21.85,0.0,45,21.782946627018216,21.763582443760345,21.684484508123305,21.50830235371529,21.001084706531014
2020-10-06,1742,6000,131400,21.85,22.0,21.85,21.85,0.0,6,21.805297751345478,21.77929472671301,21.698877159590843,21.51850228345513,21.007491614406252
2020-10-07,1742,55000,1191100,21.65,21.7,21.55,21.55,-0.3,31,21.720198500896984,21.737604776401554,21.685931319626423,21.519442513799753,21.011586017316393
2020-10-08,1742,31000,672750,21.7,21.8,21.6,21.7,0.15,24,21.713465667264657,21.730767544328543,21.68715468313717,21.524832289507223,21.016781594544195
2020-10-12,1742,81000,1723900,21.6,21.6,20.9,20.9,-0.8,44,21.442310444843105,21.57971889990517,21.618706449820895,21.50618057937268,21.015900224019333
2020-10-13,1742,176000,3660700,20.9,21.5,20.45,21.2,0.3,102,21.36154029656207,21.510679099922413,21.58229719331473,21.497040860585436,21.017289656290885
2020-10-14,1742,86000,1819400,21.3,21.45,21.0,21.4,0.2,51,21.374360197708047,21.490555627209247,21.566445263461276,21.49414411847841,21.020178036243408
2020-10-15,1742,144000,3061750,21.4,21.45,21.1,21.15,-0.25,45,21.299573465138696,21.428636422262112,21.53023263185595,21.48387115971786,21.02115782464912
2020-10-16,1742,131000,2783250,21.15,21.5,21.1,21.4,0.25,56,21.33304897675913,21.423429800032636,21.518908055172822,21.481367543009863,21.024017010878183
2020-10-19,1742,50000,1073250,21.2,21.6,21.2,21.4,0.0,26,21.355365984506086,21.41916983639034,21.50856822428823,21.47893866112897,21.026854618343254
2020-10-20,1742,81000,1724650,21.3,21.5,21.2,21.5,0.1,48,21.403577323004058,21.433866229773912,21.507823161306643,21.47956735781169,21.03042552688406
2020-10-21,1742,51000,1094600,21.5,21.6,21.4,21.55,0.05,35,21.452384882002704,21.45498146072411,21.51149071249737,21.481669824742685,21.03434684366229
2020-10-22,1742,124000,2713900,21.65,22.4,21.6,21.75,0.2,78,21.551589921335136,21.50862119513791,21.532230650541077,21.489679680720513,21.03974799955918
2020-10-23,1742,110000,2396950,21.9,21.9,21.7,21.8,0.05,34,21.63439328089009,21.56159915965829,21.555514941798375,21.498942973833334,21.0454857505059
2020-10-26,1742,24000,523200,21.8,22.0,21.7,21.8,0.0,15,21.689595520593393,21.604944766993146,21.576774512076778,21.50792975073383,21.051180197671894
2020-10-27,1742,37000,802300,21.8,21.85,21.6,21.7,-0.1,20,21.693063680395596,21.622227536630756,21.587489771896188,21.513663191010433,21.056076950897012
2020-10-28,1742,87000,1877500,21.7,21.7,21.45,21.65,-0.05,50,21.67870912026373,21.627277075425162,21.592925443905216,21.517732946502658,21.060559389003448
2020-10-29,1742,54000,1158000,21.25,21.75,21.25,21.75,0.1,32,21.702472746842485,21.64959033443877,21.606584100956937,21.524666291383177,21.06576271436946
2020-10-30,1742,51000,1095600,21.6,21.6,21.4,21.4,-0.35,31,21.60164849789499,21.604210273631722,21.588620266091116,21.520944909550842,21.06828525992139
2020-11-02,1742,81000,1727400,21.4,21.4,21.25,21.25,-0.15,32,21.48443233192999,21.539808405698682,21.559175025561455,21.512857001803056,21.06965669192198
2020-11-03,1742,116000,2478600,21.25,21.7,21.25,21.4,0.15,73,21.45628822128666,21.51438869557165,21.545333718990893,21.509488136077593,21.07214984896408
2020-11-04,1742,42000,900150,21.5,21.6,21.35,21.4,0.0,25,21.437525480857772,21.49359075092226,21.53269600429603,21.506219833508112,21.074624189726617
2020-11-05,1742,83000,1787950,21.35,21.7,21.3,21.6,0.2,33,21.49168365390518,21.512937887118213,21.538548525661593,21.509019241463093,21.07858929018151
2020-11-06,1742,31000,667350,21.55,21.6,21.45,21.6,0.0,18,21.527789102603453,21.52876736218763,21.5438921321258,21.511735085001508,21.08252446534995
2020-11-09,1742,192000,4067600,21.6,21.6,21.0,21.0,-0.6,107,21.351859401735634,21.432627841789877,21.496597164114863,21.496459410822357,21.081901639196367
2020-11-10,1742,95000,1974300,21.0,21.0,20.7,20.75,-0.25,51,21.15123960115709,21.30851368873717,21.431675671583136,21.47417704035005,21.079396721164695
2020-11-11,1742,160000,3322050,20.55,21.7,20.45,21.3,0.55,86,21.200826400771394,21.306965745330412,21.420225613184602,21.468977725712733,21.081061651570998
2020-11-12,1742,41000,870800,21.15,21.4,21.05,21.35,0.05,30,21.250550933847595,21.314790155270337,21.414119038125072,21.46542615181086,21.08309137495537
2020-11-13,1742,19000,403900,21.3,21.35,21.2,21.35,0.0,17,21.283700622565064,21.321191945221184,21.40854346959246,21.461980595040387,21.085105779672688
2020-11-16,1742,100000,2118100,21.45,21.45,21.05,21.1,-0.25,43,21.222467081710043,21.280975227908243,21.381713602671375,21.45117520414366,21.085218188882706
2020-11-17,1742,101000,2096050,21.1,21.1,20.4,20.75,-0.35,43,21.06497805447336,21.18443427737947,21.326781985047777,21.430244601034893,21.082688240287364
2020-11-18,1742,27000,559800,20.7,20.8,20.65,20.75,0.0,20,20.95998536964891,21.10544622694684,21.27662702982623,21.409938792048777,21.080177385643687
2020-11-19,1742,59000,1212250,20.75,20.75,20.45,20.6,-0.15,32,20.839990246432606,21.013546912956503,21.21778989679786,21.385761514674186,21.07655340537468
2020-11-20,1742,30000,622700,20.75,20.85,20.7,20.75,0.15,16,20.809993497621736,20.965629292418956,21.177112514467613,21.36678355901227,21.07408885137185
2020-11-23,1742,59000,1212150,20.75,20.75,20.5,20.5,-0.25,33,20.706662331747825,20.880969421070056,21.118233165383472,21.34090942292235,21.069756105323762
2020-11-24,1742,123000,2486700,20.5,20.5,20.1,20.45,-0.05,66,20.621108221165215,20.802611344511863,21.060125933610998,21.31431511179034,21.06507870075528
2020-11-25,1742,115000,2330600,20.4,20.65,20.15,20.15,-0.3,50,20.464072147443478,20.683954736418798,20.980984548079608,21.279559436811525,21.058172446409955
2020-11-26,1742,86000,1728650,20.15,20.15,20.05,20.1,-0.05,28,20.34271476496232,20.577781147979017,20.904377196072687,21.244348707354465,21.050940956248372
2020-11-27,1742,58000,1162400,20.1,20.1,20.0,20.05,-0.05,25,20.245143176641548,20.48182093925556,20.830083526848977,21.208696507134928,21.04338668488046
2020-11-30,1742,54000,1080800,20.05,20.1,19.95,20.0,-0.05,28,20.163428784427698,20.394217132118186,20.75790235060124,21.17261601438463,21.035512068390798
2020-12-01,1742,30000,601250,20.0,20.15,20.0,20.05,0.05,17,20.125619189618465,20.33163219900579,20.696345624462,21.139105088582102,21.028074241459546
2020-12-02,1742,67000,1346450,20.0,20.35,19.95,20.35,0.3,42,20.20041279307898,20.334971799186555,20.66622861363922,21.11554971280353,21.022956700014568
2020-12-03,1742,60000,1217000,20.25,20.5,20.2,20.4,0.05,30,20.26694186205265,20.34679510842536,20.643078299409723,21.094190019884024,21.018255140014457
2020-12-04,1742,74000,1511150,20.4,20.55,20.3,20.5,0.1,31,20.3446279080351,20.374650543257115,20.630636708156704,21.0764530043651,21.01434378046718
2020-12-07,1742,69000,1400800,20.6,20.6,20.2,20.5,0.0,34,20.396418605356732,20.397441353574003,20.619276994403947,21.05924545199599,21.010461940614597
2020-12-08,1742,140000,2842650,20.45,20.95,20.0,20.35,-0.15,70,20.38094573690449,20.388815652924183,20.59586160358621,21.03807394596626,21.005477322194864
2020-12-09,1742,32000,646700,20.35,20.35,20.15,20.15,-0.2,25,20.30396382460299,20.345394625119788,20.557091029361324,21.011564275937417,20.999020889574524
2020-12-10,1742,27000,544800,20.15,20.3,20.05,20.3,0.15,21,20.302642549735328,20.33714105691619,20.53473528767773,20.990323551282568,20.993745260219246
2020-12-11,1742,97000,1940500,20.15,20.3,19.4,20.25,-0.05,45,20.285095033156885,20.321297228385976,20.509975697444883,20.96822434079652,20.988132088444008
2020-12-14,1742,96000,1923400,20.05,20.25,20.0,20.15,-0.1,48,20.240063355437922,20.290152277770343,20.47867346288446,20.943799733608564,20.981806563248202
2020-12-15,1742,104000,2084000,20.0,20.25,20.0,20.2,0.05,22,20.22670890362528,20.27376095453937,20.454440987851026,20.921596756485922,20.975906136355764
2020-12-16,1742,36000,724950,20.2,20.2,20.1,20.1,-0.1,25,20.184472602416854,20.24216805371403,20.42362003238572,20.897071480172908,20.969295524005908
2020-12-17,1742,29000,580200,20.1,20.1,19.95,20.0,-0.1,15,20.12298173494457,20.198137498493296,20.38678350783044,20.870293227033418,20.961980086088882
2020-12-18,1742,72000,1435350,20.0,20.0,19.9,19.9,-0.1,25,20.048654489963045,20.143930680585424,20.344454507149532,20.841329250107048,20.95396514204293
2020-12-21,1742,69000,1378700,19.95,20.1,19.9,20.0,0.1,28,20.03243632664203,20.11776146593353,20.314501941310443,20.816214944133705,20.94676540512185
2020-12-22,1742,173000,3407200,19.95,19.95,19.5,19.5,-0.5,82,19.85495755109469,20.00544119940016,20.243675685544318,20.776924945801355,20.935846420932254
2020-12-23,1742,58000,1151050,19.5,19.95,19.5,19.75,0.25,41,19.81997170072979,19.958997344963766,20.200747365062202,20.746270469807286,20.926896636623333
2020-12-24,1742,27000,533400,19.7,19.9,19.7,19.9,0.15,21,19.846647800486526,19.948270554970353,20.174595420274184,20.72100866473841,20.919146473328063
2020-12-25,1742,28000,556950,19.9,20.0,19.75,19.85,-0.05,20,19.84776520032435,19.93040318133938,20.14636973155469,20.695008406089503,20.91107744334068
2020-12-28,1742,142000,2799000,19.8,19.9,19.5,19.85,0.0,48,19.848510133549567,19.915784421095857,20.120598450549934,20.669784274564442,20.903069311692825
2020-12-29,1742,177000,3562800,20.05,20.35,19.85,19.85,0.0,68,19.849006755699712,19.903823617260247,20.097068150502114,20.645313102189384,20.89512161877439
2020-12-30,1742,110000,2190600,19.8,20.2,19.65,20.15,0.3,39,19.94933783713314,19.948582959576566,20.10167092002367,20.63052763645239,20.889498059387414
2020-12-31,1742,82000,1631050,19.95,20.1,19.75,20.0,-0.15,31,19.966225224755426,19.957931512380828,20.092829970456393,20.611705915961274,20.882784866486375
2021-01-04,1742,45000,893200,20.0,20.0,19.75,19.95,-0.05,31,19.960816816503616,19.956489419220677,20.0804099730254,20.591953500559445,20.875744980701572
2021-01-05,1742,16000,318800,19.85,20.0,19.8,20.0,0.05,13,19.97387787766908,19.964400433907826,20.073417801457975,20.5742832468114,20.869135584620807
2021-01-06,1742,79000,1551750,19.75,19.8,19.5,19.6,-0.4,40,19.849251918446054,19.898145809560948,20.032251036113802,20.545200164817032,20.859557202850084
2021-01-07,1742,18000,354550,19.5,19.95,19.5,19.8,0.2,17,19.83283461229737,19.880301116913504,20.012055293843037,20.522955383777717,20.851560544715365
2021-01-08,1742,65000,1272550,19.8,19.8,19.5,19.55,-0.25,32,19.738556408198246,19.820246368383778,19.971876572639296,20.493911939485844,20.841737446264684
2021-01-11,1742,107000,2040100,19.0,19.3,18.95,19.15,-0.4,71,19.54237093879883,19.698383392314,19.900409044583704,20.453795165172835,20.828969616481555
2021-01-12,1742,62000,1179450,19.15,19.25,18.8,19.0,-0.15,37,19.361580625865887,19.571404593711453,19.82211260592425,20.410398294570662,20.81516607220622
2021-01-13,1742,34000,645900,19.25,19.25,18.9,19.0,0.0,24,19.241053750577258,19.46751284940028,19.750624553235184,20.368296852941686,20.801466705623533
2021-01-14,1742,46000,873400,19.0,19.1,18.85,19.0,0.0,27,19.16070250038484,19.382510513145682,19.685352852953862,20.32745217076432,20.787870730486752
2021-01-15,1742,63000,1189500,18.9,18.95,18.85,18.9,-0.1,25,19.073801666923227,19.294781328937376,19.61706130052309,20.284841658204193,20.773622649501945
2021-01-18,1742,69000,1310100,18.9,19.4,18.8,19.3,0.4,24,19.149201111282153,19.29573017822149,19.589490752651518,20.255443399750337,20.762500969128347
2021-01-19,1742,96000,1869900,19.1,19.85,19.05,19.6,0.3,52,19.299467407521437,19.3510519639994,19.590404600247037,20.235877925130925,20.75372737690851
2021-01-20,1742,22000,423250,19.15,19.4,19.15,19.3,-0.3,17,19.299644938347626,19.341769788726783,19.56515202631251,20.207941270649403,20.742755849535616
2021-01-21,1742,35000,666400,19.05,19.1,19.0,19.0,-0.3,13,19.19976329223175,19.279629827140095,19.516008371850553,20.17188332227181,20.729602975199498
2021-01-22,1742,123000,2360200,19.15,20.1,19.0,19.4,0.4,68,19.266508861487832,19.301515313114624,19.50592068734181,20.148842029069666,20.71956823576403
2021-01-25,1742,44000,836600,19.2,19.25,18.9,18.9,-0.5,33,19.144339240991886,19.228512528911963,19.453231931920783,20.111563162530274,20.705835645305434
2021-01-26,1742,7000,132600,19.1,19.1,18.8,19.0,0.1,7,19.096226160661256,19.186964796382515,19.413820459579846,20.078382172603998,20.69296141402011
2021-01-27,1742,44000,835950,18.8,19.2,18.8,19.0,0.0,20,19.06415077377417,19.15297119704024,19.377836071790295,20.046191659988953,20.680184346744486
2021-01-28,1742,73000,1383150,18.95,19.1,18.85,19.05,0.05,29,19.05943384918278,19.134249161214743,19.34932858728679,20.01645459551167,20.66788106865585
2021-01-29,1742,49000,927300,19.2,19.2,18.8,18.8,-0.25,33,18.972955899455187,19.073476586448425,19.301560884044463,19.980142518033713,20.65378385304335
2021-02-01,1742,38000,722050,18.9,19.15,18.85,19.15,0.35,29,19.03197059963679,19.087389934366893,19.288381676736247,19.955362144361064,20.64243454094491
2021-02-02,1742,35000,670650,19.15,19.2,19.1,19.2,0.05,19,19.08798039975786,19.107864491754732,19.28069631354179,19.932814020648795,20.631548242522687
2021-02-03,1742,38000,721000,18.95,19.05,18.9,19.0,-0.2,20,19.058653599838575,19.088252765981146,19.256287938451198,19.904968826002563,20.619234670881006
2021-02-04,1742,110000,2078750,19.1,19.1,18.8,19.05,0.05,21,19.05576906655905,19.081297717620938,19.238349856846746,19.87944736850995,20.607391390346056
2021-02-05,1742,63000,1194600,18.9,19.15,18.85,19.15,0.1,19,19.087179377706033,19.09378904168986,19.2306672605992,19.85767282019622,20.596392210041557
2021-02-17,1742,166000,3278600,19.5,20.05,19.5,19.6,0.45,43,19.258119585137354,19.185827397746248,19.26278315098188,19.849981094220215,20.588872268833697
2021-02-18,1742,34000,668900,19.5,19.8,19.5,19.75,0.15,19,19.422079723424904,19.288404234519657,19.305149833505194,19.846996583944986,20.5825411573708
2021-02-19,1742,147000,2910200,20.0,20.0,19.45,19.9,0.15,58,19.581386482283268,19.39960346460699,19.356875934939524,19.848578775469015,20.57738990335291
2021-02-22,1742,110000,2183850,19.95,19.95,19.75,19.95,0.05,31,19.70425765485551,19.499675561951175,19.408451940596958,19.851606274708747,20.572654885214398
2021-02-23,1742,152000,3018750,19.95,19.95,19.6,19.85,-0.1,44,19.75283843657034,19.563370914323688,19.44684742402331,19.85155832620998,20.567200886080705
2021-02-24,1742,149000,2936800,19.95,19.95,19.6,19.75,-0.1,41,19.751892291046893,19.597303475355744,19.4732085175865,19.848526734382816,20.56103333222349
2021-02-25,1742,55000,1082650,19.7,19.9,19.6,19.85,0.1,30,19.78459486069793,19.643248298018335,19.505972994318107,19.84857071246094,20.55566704292369
2021-02-26,1742,170000,3375250,19.5,20.2,19.15,19.95,0.1,61,19.839729907131954,19.699021334742273,19.544584038290445,19.85159845238748,20.551095970901624
2021-03-02,1742,212000,4165050,19.75,19.95,19.35,19.35,-0.6,86,19.676486604754636,19.635562910243678,19.527663687134755,19.836625364256513,20.542031095649538
2021-03-03,1742,88000,1697350,19.35,19.45,19.2,19.3,-0.05,43,19.550991069836424,19.574551472017554,19.50786684477521,19.820606696666765,20.53265727605973
2021-03-04,1742,104000,1965150,19.0,19.0,18.65,18.95,-0.35,58,19.350660713224283,19.460996658923452,19.459356684359975,19.794618437064774,20.520712692844185
2021-03-05,1742,108000,2018100,18.65,18.8,18.55,18.65,-0.3,66,19.11710714214952,19.31354272093737,19.388977842241715,19.760450722525526,20.506594106483096
2021-03-08,1742,155000,2876200,18.9,18.9,18.4,18.5,-0.15,58,18.911404761433015,19.16562586258512,19.311675421177217,19.722825327823273,20.49145000001907
2021-03-09,1742,220000,3959100,18.35,18.35,17.75,18.1,-0.4,105,18.640936507622012,18.97187570575146,19.20631234107485,19.67438278072407,20.473401320773643
2021-03-10,1742,429000,7580900,18.1,18.25,17.4,17.8,-0.3,266,18.360624338414674,18.75880739561483,19.084024311416165,19.618431055926337,20.453224707031957
2021-03-11,1742,187000,3375700,17.75,18.4,17.6,18.25,0.45,78,18.323749558943117,18.6662969600485,19.011500458249543,19.57758236768973,20.43659659603549
2021-03-12,1742,344000,6143000,18.3,18.35,17.65,17.85,-0.4,143,18.16583303929541,18.517879330948773,18.910500418401757,19.526012744773617,20.417075112291826
2021-03-15,1742,128000,2301550,17.85,18.05,17.85,17.9,0.05,47,18.07722202619694,18.40553763441263,18.822630816801603,19.477475050899777,20.39807831899151
2021-03-16,1742,132000,2328350,17.95,17.95,17.5,17.65,-0.25,86,17.934814684131293,18.268167155428518,18.72066291968842,19.422923556843067,20.37733810526327
2021-03-17,1742,127000,2235100,17.6,17.8,17.4,17.7,0.05,66,17.856543122754196,18.164864036259697,18.63190962232421,19.371493002907453,20.357131779940527
2021-03-18,1742,24000,426400,17.7,17.85,17.7,17.8,0.1,18,17.837695415169463,18.098525120576117,18.559569655165582,19.324582764014693,20.33783267216739
2021-03-19,1742,29000,514250,17.7,17.85,17.55,17.7,-0.1,16,17.791796943446307,18.026066007744095,18.48482446775988,19.276087756133656,20.317924501056694
2021-03-22,1742,168000,2998050,17.7,18.05,17.6,18.0,0.3,74,17.86119796229754,18.021326733608806,18.442665818389454,19.23799558430877,20.300430731237398
2021-03-23,1742,43000,769200,18.0,18.1,17.8,18.1,0.1,25,17.940798641531693,18.03563096386175,18.412868790703413,19.20402556686672,20.2838237068507
2021-03-24,1742,56000,1002750,18.05,18.05,17.7,17.85,-0.25,18,17.910532427687794,18.001879879523248,18.363923678468336,19.163606893228906,20.26545522604428
2021-03-25,1742,66000,1174550,17.85,18.0,17.7,17.95,0.1,23,17.923688285125195,17.992447174155384,18.32793031512326,19.127379821789237,20.247980092262814
2021-03-26,1742,53000,950450,17.8,18.0,17.8,18.0,0.05,20,17.949125523416797,17.993820415218043,18.299414635547326,19.093726692780603,20.231014204774038
2021-03-29,1742,52000,934050,18.05,18.3,17.8,18.0,0.0,30,17.966083682277866,17.99494397608749,18.27337858028234,19.061078134787152,20.21417636171914
2021-03-30,1742,254000,4519850,18.15,18.15,17.7,17.7,-0.3,77,17.877389121518576,17.94131779861704,18.223519573301267,19.020448936733803,20.19520144578164
2021-03-31,1742,51000,902600,17.8,17.8,17.5,17.8,0.1,30,17.85159274767905,17.91562365341394,18.186691784318548,18.984017625189512,20.177124453738003
2021-04-01,1742,20000,354800,17.7,17.85,17.7,17.7,-0.1,13,17.801061831786033,17.876419352793224,18.144370759595194,18.9456887408555,20.158429174841867
2021-04-06,1742,57000,1011500,17.9,17.9,17.65,17.7,0.0,34,17.76737455452402,17.84434310683082,18.10572982397822,18.9085040023225,20.13987499239023
2021-04-07,1742,111000,1946400,17.6,17.65,17.45,17.6,-0.1,64,17.71158303634935,17.799917087407035,18.06175331754533,18.869444181357647,20.12070612452313
2021-04-08,1742,67000,1182600,17.6,17.85,17.45,17.8,0.2,32,17.741055357566232,17.79993216242394,18.038992159497912,18.83752047445145,20.103191361319183
2021-04-09,1742,66000,1160100,17.8,17.8,17.5,17.55,-0.25,38,17.677370238377488,17.75448995107413,17.996471102150267,18.7990870274529,20.08392199255451
2021-04-12,1742,214000,3708550,17.4,17.5,17.25,17.25,-0.3,109,17.534913492251658,17.66276450542429,17.931560571528504,18.752845623648334,20.062533902044667
2021-04-13,1742,98000,1693100,17.3,17.45,17.2,17.2,-0.05,44,17.423275661501105,17.578625504438055,17.867946608786895,18.706492022942413,20.040929872595274
2021-04-14,1742,83000,1430400,17.2,17.55,17.2,17.55,0.35,33,17.465517107667402,17.5734208672675,17.840299077588035,18.671969873003835,20.022130401858707
2021-04-15,1742,34000,593950,17.55,17.55,17.4,17.45,-0.1,18,17.460344738444935,17.5509807095825,17.806360027362988,18.635493160376853,20.00271809693902
2021-04-16,1742,52000,908850,17.6,17.6,17.4,17.55,0.1,23,17.490229825629957,17.55080239874932,17.784067851070553,18.603090379470082,19.98420701696212
2021-04-19,1742,87000,1532650,17.55,17.85,17.5,17.85,0.3,48,17.610153217086637,17.60520196261308,17.789801081412243,18.580610069635153,19.968099794192593
2021-04-20,1742,186000,3350150,17.8,18.45,17.8,18.0,0.15,78,17.740102144724425,17.676983423956155,17.80807924824596,18.563278425765446,19.953246210840195
2021-04-21,1742,95000,1709050,18.0,18.2,17.8,18.0,0.0,47,17.826734763149616,17.735713710509582,17.824768009268052,18.546464144399312,19.938504730003665
2021-04-22,1742,259000,4573950,18.0,18.1,17.4,17.45,-0.55,101,17.70115650876641,17.683765763144205,17.792179486723004,18.51373387143217,19.91972356223005
2021-04-23,1742,46000,811400,17.45,17.8,17.45,17.5,0.05,22,17.634104339177608,17.650353806208894,17.766772574834047,18.483473158852103,19.901461497609446
2021-04-26,1742,20000,350300,17.55,17.55,17.45,17.45,-0.05,15,17.572736226118405,17.613925841443642,17.73922713354413,18.45262321381174,19.882959901401072
2021-04-27,1742,90000,1562400,17.4,17.45,17.3,17.45,0.0,37,17.531824150745603,17.584121142999344,17.714076948018555,18.42269416265318,19.864597939881065
2021-04-28,1742,82000,1426250,17.45,17.5,17.35,17.35,-0.1,27,17.47121610049707,17.54155366245401,17.682418082973463,18.39067344137995,19.845619842221584
2021-04-29,1742,49000,852800,17.35,17.5,17.35,17.45,0.1,22,17.464144066998045,17.524907542007828,17.662207814888813,18.36259363715965,19.827539692468967
2021-05-03,1742,305000,5198100,17.45,17.75,16.95,17.0,-0.45,76,17.309429377998697,17.429469807097313,17.60462452663761,18.321919200229512,19.806199770261653
2021-05-04,1742,303000,4980650,17.0,17.0,16.3,16.9,-0.1,54,17.172952918665796,17.333202569443255,17.54335282866912,18.27947385096893,19.784266187089866
2021-05-05,1742,29000,483900,16.6,16.8,16.6,16.75,-0.15,9,17.031968612443865,17.227165738635392,17.474365626176155,18.23381791511911,19.76136606492315
2021-05-06,1742,43000,716500,16.75,17.05,16.5,16.55,-0.2,30,16.87131240829591,17.10404469524714,17.393986006508662,18.183554693772273,19.73712933990486
2021-05-07,1742,33000,539050,16.6,16.6,16.0,16.5,-0.05,24,16.747541605530607,16.994218387020386,17.31624809289921,18.13329932977907,19.712698175075392
2021-05-10,1742,109000,1807900,16.8,16.95,16.35,16.85,0.35,39,16.781694403687073,16.96799686210759,17.275704780473195,18.0949918870991,19.69109290582954
2021-05-11,1742,44000,721100,16.8,16.85,16.25,16.25,-0.6,28,16.604462935791382,16.83745197808803,17.18651306043205,18.039917502409573,19.665122393332712
2021-05-12,1742,61000,962850,16.0,16.0,15.35,15.8,-0.45,30,16.336308623860923,16.648824345708388,17.065946707351,17.97305429338242,19.635951658288693
2021-05-13,1742,45000,692100,15.3,15.6,15.05,15.55,-0.25,28,16.074205749240615,16.449038101034134,16.934125254537868,17.900724314475482,19.605114287282742
2021-05-14,1742,66000,1075750,15.75,16.95,15.35,15.8,0.25,53,15.982803832827077,16.331031173573383,16.835505667186748,17.83801612598368,19.576396443605137
2021-05-17,1742,228000,3484150,15.05,16.2,15.05,16.1,0.3,32,16.021869221884717,16.28902550565095,16.77154865264877,17.786135047596105,19.550159489313778
2021-05-18,1742,46000,746050,16.4,16.4,16.1,16.4,0.3,16,16.147912814589812,16.309202686441687,16.739240074157575,17.74475788199622,19.526384700715184
2021-05-19,1742,91000,1428250,15.3,16.3,15.3,15.95,-0.45,28,16.08194187639321,16.243893107088653,16.670610502491698,17.69118301984708,19.499393118068276
2021-05-20,1742,134000,2083050,16.4,16.4,15.4,15.9,-0.05,49,16.02129458426214,16.18136708761799,16.603600893579376,17.6377148700009,19.472227886988517
2021-05-21,1742,59000,935350,15.65,16.35,15.65,16.3,0.4,36,16.114196389508095,16.202936708051084,16.57720081587682,17.597783082836692,19.448286544445207
2021-05-24,1742,83000,1318950,15.75,16.25,15.75,15.8,-0.5,47,16.009464259672065,16.129675488405432,16.50961813623536,17.54411791618485,19.420752306373924
2021-05-25,1742,18000,286300,15.9,15.95,15.8,15.9,0.1,12,15.97297617311471,16.087916308695355,16.456607863519242,17.495039769433063,19.39418059085412
2021-05-26,1742,51000,803050,15.7,15.95,15.7,15.9,0.0,18,15.948650782076474,16.05374970711438,16.40820717973496,17.4474266419873,19.367809416583523
2021-05-27,1742,50000,787450,15.7,15.9,15.6,15.6,-0.3,28,15.83243385471765,15.971249760366312,16.337928294540614,17.39227957804738,19.339373119099875
2021-05-28,1742,40000,628750,15.65,15.8,15.6,15.8,0.2,21,15.821622569811767,15.94011344029971,16.2911519211023,17.344748844374323,19.312660869144405
2021-05-31,1742,53000,844150,16.1,16.5,15.75,15.75,-0.05,35,15.79774837987451,15.905547360245217,16.244095232310798,17.29714440125867,19.285772862584825
2021-06-01,1742,11000,173450,15.75,15.9,15.7,15.85,0.1,10,15.815165586583007,15.895447840200632,16.209826081675075,17.25394606092259,19.25984250135777
2021-06-02,1742,71000,1109600,15.85,15.85,15.4,15.65,-0.2,34,15.760110391055338,15.850820960164153,16.161145552833766,17.206067074029377,19.2325984070079
2021-06-03,1742,17000,265700,15.6,15.75,15.6,15.65,0.0,11,15.723406927370226,15.814308058316126,16.116698113456916,17.159617310625514,19.205559928464442
2021-06-04,1742,96000,1494800,15.65,16.15,15.4,15.65,0.0,52,15.69893795158015,15.784433865895013,16.076115668808487,17.114554107323258,19.178725513909992
2021-06-07,1742,119000,1834800,15.6,15.6,15.4,15.4,-0.25,35,15.5992919677201,15.714536799368647,16.017323001955575,17.063373387701667,19.150206830786143
2021-06-08,1742,48000,741050,15.45,15.45,15.4,15.45,0.05,14,15.549527978480066,15.666439199483438,15.967990567002916,17.015212988068782,19.122280741497192
2021-06-09,1742,64000,994600,15.5,15.75,15.45,15.65,0.2,31,15.583018652320044,15.663450254122813,15.940339213350489,16.974460361559267,19.096074849108536
2021-06-10,1742,77000,1210050,15.6,16.3,15.6,15.6,-0.05,29,15.588679101546695,15.651913844282301,15.910744499146098,16.933431694050036,19.069689378549228
2021-06-11,1742,50000,785750,15.65,15.85,15.55,15.65,0.05,25,15.60911940103113,15.65156587259461,15.888071064437742,16.895120300197796,19.043880402107348
2021-06-15,1742,29000,452450,15.8,15.8,15.5,15.7,0.05,13,15.639412934020752,15.660372077577408,15.871717058834461,16.85944506735607,19.018643568883896
2021-06-16,1742,55000,858200,15.65,15.7,15.4,15.7,0.0,35,15.659608622680501,15.667577154381515,15.856785140674942,16.824834766837977,18.99359720232628
2021-06-17,1742,66000,1030800,15.7,16.1,15.45,16.1,0.4,34,15.806405748453669,15.746199489948513,15.877934258877122,16.803197908126396,18.97175873287476
2021-06-18,1742,19000,298850,15.8,15.8,15.7,15.7,-0.4,12,15.770937165635779,15.737799582685147,15.862461714626937,16.7702666272868,18.947066214136083
2021-06-21,1742,47000,730900,15.6,15.7,15.5,15.7,0.0,17,15.747291443757186,15.730926931287847,15.848334609007203,16.738318369755852,18.922560054029397
2021-06-22,1742,43000,674050,15.7,15.8,15.55,15.65,-0.05,28,15.71486096250479,15.716212943780965,15.831088121267447,16.705831254240753,18.897861487583892
2021-06-23,1742,67000,1041450,15.55,15.65,15.4,15.6,-0.05,26,15.676573975003194,15.695083317638971,15.810993502026799,16.67282136605446,18.872971966922883
2021-06-24,1742,72000,1115200,15.6,15.6,15.45,15.45,-0.15,28,15.601049316668796,15.650522714431885,15.77960276272012,16.636319235724475,18.847138216229126
2021-06-25,1742,68000,1049700,15.45,15.55,15.4,15.5,0.05,33,15.56736621111253,15.623154948171543,15.755289479005327,16.602399258538668,18.821876795729285
2021-06-28,1742,159000,2427850,15.4,15.6,15.2,15.25,-0.25,57,15.46157747407502,15.555308593958534,15.711351263439647,16.56202913141811,18.794919235006798
2021-06-29,1742,31000,471650,15.25,15.3,15.2,15.3,0.05,22,15.407718316050014,15.508888849602437,15.67558158835794,16.524356620032496,18.76854248606335
2021-06-30,1742,47000,714700,15.35,15.35,15.15,15.2,-0.1,25,15.338478877366676,15.452727240583812,15.634226667631163,16.48482358659869,18.741610089942117
2021-07-01,1742,91000,1380550,15.25,15.25,15.1,15.25,0.05,36,15.308985918244451,15.415867742295847,15.60081565305454,16.44796318102858,18.715258315678405
2021-07-02,1742,160000,2435650,15.3,15.35,15.1,15.35,0.1,47,15.322657278829634,15.403891789151148,15.579005596267187,16.41518816069937,18.68986013971102
2021-07-05,1742,72000,1105000,15.35,15.35,15.25,15.25,-0.1,11,15.298438185886424,15.375911463850938,15.550396413983083,16.38040642455909,18.663898931109426
2021-07-06,1742,54000,819550,15.25,15.25,15.15,15.2,-0.05,24,15.265625457257615,15.343927561332587,15.51992716059325,16.345170411885686,18.63775629766709
2021-07-07,1742,104000,1567200,15.2,15.25,15.0,15.15,-0.05,47,15.227083638171743,15.308668004726663,15.487759581411229,16.30949368317268,18.611433608628094
2021-07-08,1742,155000,2367450,15.15,15.4,15.15,15.2,0.05,48,15.218055758781162,15.28891018568545,15.4627370091146,16.276374468749616,18.58568693988373
2021-07-09,1742,125000,1879550,15.1,15.2,15.0,15.05,-0.15,67,15.162037172520774,15.245471970106278,15.426846834408982,16.239766275652613,18.55900251014876
2021-07-12,1742,55000,825200,15.2,15.2,14.95,15.0,-0.05,29,15.108024781680516,15.200840702814228,15.389729718373419,16.202758327125668,18.532142113845747
2021-07-13,1742,568000,9292150,15.55,16.5,15.55,16.5,1.5,153,15.572016521120345,15.437051484120731,15.48627496025399,16.211631212883113,18.516805192231818
2021-07-14,1742,429000,7786350,18.15,18.15,18.15,18.15,1.65,108,16.431344347413564,15.930314850644235,15.71790322457973,16.26949296772242,18.51403685115837
2021-07-15,1742,496000,9895200,19.95,19.95,19.95,19.95,1.8,151,17.604229564942376,16.661166695981645,16.085911639833668,16.379358849282944,18.524874308885476
2021-07-16,1742,5281000,115422500,21.9,21.9,21.2,21.9,1.95,2035,19.036153043294917,17.6136818421668,16.591484540717698,16.544154107513304,18.55034695561087
2021-07-19,1742,3331000,74952300,22.8,22.9,22.0,22.2,0.3,1669,20.090768695529945,18.447557870863747,17.07918153717703,16.712985328184548,18.57789150688928
2021-07-20,1742,1960000,43668650,22.3,23.05,21.5,22.95,0.75,990,21.043845797019962,19.266183712524885,17.589687490465984,16.8991648706268,18.610888552120304
2021-07-21,1742,1638000,39385500,24.7,24.7,23.25,24.5,1.55,938,22.19589719801331,20.217786673883996,18.190584230425465,17.126055471503612,18.655334676255244
2021-07-22,1742,905000,21706600,24.5,24.5,23.5,23.7,-0.8,466,22.69726479867554,20.85091636954145,18.66966386256238,17.322292621607982,18.693407622094828
2021-07-23,1742,608000,14000300,23.2,23.9,22.1,22.6,-1.1,350,22.664843199117026,21.16893157507937,19.011432222339565,17.47983612544058,18.72289133815449
2021-07-26,1742,630000,14172000,22.6,23.0,21.9,22.6,0.0,336,22.64322879941135,21.429125834155847,19.32348159431004,17.632676838113998,18.75215253560238
2021-07-27,1742,381000,8626850,23.0,23.1,22.1,22.1,-0.5,191,22.4621525329409,21.551102955218422,19.564917977413515,17.76602976831955,18.77741930891859
2021-07-28,1742,492000,10248650,21.9,22.05,20.1,20.7,-1.4,241,21.874768355293934,21.396356963360528,19.66362076198625,17.853610969265237,18.791929351870145
2021-07-29,1742,457000,9350850,19.5,21.3,19.5,21.2,0.5,215,21.649845570195957,21.360655697294977,19.797218956596144,17.953503179137915,18.81010346996924
2021-07-30,1742,208000,4414650,21.0,21.35,21.0,21.0,-0.2,109,21.433230380130638,21.295081934150435,19.901808612544304,18.044443382745737,18.8266309909506
2021-08-02,1742,166000,3561450,21.15,22.0,21.15,21.35,0.35,94,21.405486920087093,21.305067037032174,20.027738298410018,18.143116714604073,18.84567528535852
2021-08-03,1742,471000,9956500,21.4,22.0,20.4,20.55,-0.8,269,21.120324613391396,21.16778212120814,20.073152359417843,18.214963976854698,18.85853811339355
2021-08-04,1742,219000,4481400,20.35,20.8,20.2,20.65,0.1,123,20.96354974226093,21.073639917352114,20.12331302381629,18.287651619336646,18.872058580462276
2021-08-05,1742,230000,4637950,20.75,20.85,19.85,20.0,-0.65,137,20.64236649484062,20.87843265965173,20.11259015218009,18.338766496371374,18.88057134589275
2021-08-06,1742,402000,7779300,19.75,20.2,18.8,18.8,-1.2,227,20.028244329893745,20.500535812442322,19.998451878077475,18.352534660658797,18.87996326026337
2021-08-09,1742,446000,8594450,19.7,19.75,18.9,19.35,0.55,170,19.80216288659583,20.291347482907355,19.94206475824465,18.382309745415252,18.883510707355722
2021-08-10,1742,360000,6634400,18.6,19.15,18.2,18.2,-1.15,158,19.268108591063886,19.911102486015107,19.790580866223376,18.37686766346256,18.87835213597945
2021-08-11,1742,198000,3536150,18.05,18.2,17.6,17.9,-0.3,106,18.81207239404259,19.545447488557816,19.62618253003004,18.36263280783681,18.870968346273948
2021-08-12,1742,846000,16357950,17.9,19.65,17.75,19.65,1.75,382,19.091381596028395,19.564457036092758,19.628253614375254,18.401061679244666,18.876847830453013
2021-08-13,1742,735000,13678000,18.6,19.15,18.2,18.7,-0.95,326,18.96092106401893,19.40728302953044,19.547535908777405,18.409985211207513,18.87551312984582
2021-08-16,1742,88000,1621750,18.8,18.8,18.25,18.3,-0.4,60,18.740614042679287,19.205958842343087,19.439054525405457,18.406702070574454,18.87116963452623
2021-08-17,1742,827000,16099750,18.7,20.1,18.3,18.6,0.3,463,18.693742695119525,19.095784507371615,19.36609326232672,18.41247215801999,18.869123071246786
2021-08-18,1742,261000,4945350,18.6,19.5,18.35,19.5,0.9,147,18.962495130079684,19.16927823330405,19.377737326472225,18.444935675691035,18.87388440655813
2021-08-19,1742,93000,1764700,19.4,19.4,18.55,18.8,-0.7,57,18.90833008671979,19.102136736339677,19.327499298083335,18.455534610745033,18.873326788395428
2021-08-20,1742,219000,4127800,19.1,19.25,18.7,18.8,0.0,42,18.872220057813195,19.047202784277918,19.281629793902177,18.465817159678018,18.87277337867169
2021-08-23,1742,86000,1655950,19.0,19.8,18.8,19.2,0.4,59,18.98148003854213,19.074984096227386,19.274531550954162,18.487733065359272,18.87524301354964
2021-08-24,1742,52000,1001150,19.2,19.4,19.1,19.15,-0.05,39,19.037653359028088,19.08862335145877,19.26370272043641,18.507502227587352,18.877316651183225
2021-08-25,1742,85000,1632800,19.4,19.4,19.1,19.1,-0.05,52,19.058435572685394,19.09069183301172,19.249467701268028,18.525188728256385,18.878997280230898
2021-08-26,1742,129000,2463400,19.45,19.45,18.85,18.85,-0.25,55,18.98895704845693,19.046929681555046,19.214731379418634,18.534884587114405,18.878778432832927
2021-08-27,1742,85000,1612200,18.95,19.15,18.55,19.1,0.25,56,19.025971365637954,19.056578830363218,19.204754737730056,18.55175370391696,18.880448029566264
2021-08-30,1742,77000,1466350,18.9,19.2,18.75,19.2,0.1,37,19.083980910425304,19.082655406660816,19.20434128227527,18.571104339620934,18.882859742550668
2021-08-31,1742,94000,1796750,19.15,19.15,19.0,19.15,-0.05,45,19.10598727361687,19.09489987817703,19.199615953381766,18.588384807094936,18.884875895437077
2021-09-01,1742,88000,1674150,19.1,19.2,18.85,19.15,0.0,51,19.120658182411244,19.104918082144845,19.195301522652915,18.605149439718968,18.886876832075288
2021-09-02,1742,88000,1663150,19.15,19.15,18.75,19.05,-0.1,52,19.09710545494083,19.094932976300328,19.182666607639618,18.618428560921387,18.888107950323775
2021-09-03,1742,113000,2139300,19.0,19.1,18.8,19.1,0.05,51,19.098070303293888,19.095854253336633,19.175478206975303,18.632803827759556,18.88970713560435
2021-09-06,1742,251000,4735300,19.3,19.3,18.7,18.8,-0.3,42,18.99871353552926,19.042062570911792,19.142827928107884,18.637794758274197,18.88903010061866
2021-09-07,1742,96000,1772600,18.8,18.8,18.35,18.4,-0.4,35,18.799142357019505,18.925323921655103,19.078234195228937,18.630696407280936,18.885339307406444
2021-09-08,1742,96000,1750700,18.1,18.4,18.0,18.25,-0.15,43,18.61609490467967,18.80253775408145,19.00621383042642,18.619332335421802,18.88054429376564
2021-09-09,1742,90000,1640850,18.15,18.35,18.15,18.2,-0.05,42,18.47739660311978,18.69298543515755,18.93610827995456,18.60681495227488,18.875408110416465
2021-09-10,1742,83000,1507550,18.2,18.2,18.0,18.15,-0.05,41,18.368264402079852,18.59426081058345,18.86775103821938,18.593178685042794,18.869933332224644
2021-09-13,1742,38000,691700,18.2,18.3,18.1,18.1,-0.05,31,18.2788429347199,18.504395208659187,18.80099007837422,18.57845693325047,18.86412251462295
2021-09-14,1742,48000,868550,18.2,18.2,18.0,18.05,-0.05,28,18.202561956479933,18.42177789799388,18.7356865932982,18.562682099422098,18.85797819375787
2021-09-15,1742,109000,1945000,17.7,18.05,17.7,17.8,-0.25,58,18.06837463765329,18.3087273710859,18.654322541707053,18.539915469588603,18.849993452672905
2021-09-16,1742,90000,1601750,17.95,18.0,17.55,17.7,-0.1,54,17.94558309176886,18.1980496672521,18.57133797286296,18.514843366018795,18.841314256803674
2021-09-17,1742,113000,2001750,17.7,17.85,17.65,17.7,0.0,36,17.86372206117924,18.10749518229717,18.495569453483572,18.49051968345107,18.832700564299497
2021-09-22,1742,57000,977700,17.5,17.55,17.0,17.2,-0.5,37,17.64248137411949,17.94249605824314,18.382911240137176,18.451996707825664,18.82037829588969
2021-09-23,1742,146000,2752300,18.4,18.9,18.4,18.9,1.7,82,18.061654249412992,18.116587684017116,18.42787548012525,18.465369940427884,18.820979214411278
2021-09-24,1742,636000,13190150,20.75,20.75,20.2,20.75,1.85,221,18.957769499608663,18.59538992328673,18.629799351418704,18.533567852653917,18.835537861849684
2021-09-27,1742,2425000,53274600,22.75,22.8,20.5,21.0,0.25,1174,19.63851299973911,19.032591755416416,18.835903755643166,18.607192692873202,18.85187342515648
2021-09-28,1742,1029000,22413000,21.0,22.5,21.0,21.35,0.35,495,20.20900866649274,19.453938708977066,19.05452082036985,18.689067537862062,18.870727210627
2021-09-29,1742,793000,16135200,20.75,21.5,19.6,19.6,-1.75,403,20.006005777661827,19.480495307344874,19.1019537925116,18.716259551657224,18.876231156207172
2021-09-30,1742,496000,10184100,20.1,21.2,19.75,21.1,1.5,272,20.37067051844122,19.77495070600944,19.275696940988855,18.78741598295104,18.8930143172924
2021-10-01,1742,3787000,85714100,21.2,23.2,20.9,23.2,2.1,1251,21.313780345627478,20.39768694128045,19.616940685250693,18.919134908833097,18.92551986961472
2021-10-04,1742,3665000,81288000,23.35,23.35,20.9,21.4,-1.8,1525,21.34252023041832,20.57992567922946,19.77198932131585,18.993190583196288,18.94419519135348
2021-10-05,1742,1447000,32155150,21.9,23.0,21.15,21.9,0.5,855,21.52834682027888,20.819939192096832,19.95703372815795,19.079961013548637,18.966503152173452
2021-10-06,1742,807000,17800100,21.8,22.75,21.4,21.6,-0.3,443,21.552231213519253,20.961768429897408,20.09990036049204,19.155186057920318,18.986378600081576
2021-10-07,1742,352000,7705400,21.7,22.3,21.5,21.65,0.05,220,21.584820809012836,21.086901442643335,20.23469163349273,19.229658115892846,19.006481403099826
2021-10-08,1742,1440000,32629350,22.0,23.6,21.5,21.5,-0.15,844,21.556547206008556,21.16201027125364,20.344718447971623,19.297429515418433,19.025300411378318
2021-10-12,1742,379000,8138250,21.4,21.95,20.95,21.8,0.3,242,21.637698137339036,21.278008403752978,20.471264669887134,19.372133111973106,19.046241540349047
2021-10-13,1742,644000,14014250,22.4,22.6,21.0,22.3,0.5,405,21.858465424892692,21.463825057616074,20.63028513337521,19.459532123556,19.070798207969055
2021-10-14,1742,1156000,26295750,22.3,23.7,21.7,21.7,-0.6,636,21.805643616595127,21.506765956231334,20.72330381742954,19.526411761658803,19.09064124036174
2021-10-15,1742,225000,4884900,21.7,22.0,21.4,21.5,-0.2,152,21.70376241106342,21.50553578237109,20.790842615913927,19.585324843400333,19.108825080057123
2021-10-18,1742,207000,4489650,21.3,22.15,21.1,21.8,0.3,159,21.73584160737561,21.559074731030893,20.87859543192141,19.651434549567487,19.1291358341699
2021-10-19,1742,159000,3441950,21.85,21.85,21.5,21.8,0.0,66,21.757227738250407,21.602879325388912,20.95871756827607,19.71557083166995,19.149293299572392
2021-10-20,1742,171000,3632700,21.95,21.95,21.0,21.0,-0.8,115,21.504818492166937,21.493264902590926,20.962307344947718,19.753912000873832,19.163260897311467
2021-10-21,1742,362000,7415800,21.0,21.1,20.3,20.65,-0.35,189,21.219878994777957,21.339944011210758,20.935150184517482,19.780660896370136,19.17448156978459
2021-10-22,1742,85000,1727800,20.65,20.65,20.2,20.3,-0.35,62,20.913252663185304,21.15086328189971,20.879919733689874,19.796163556179984,19.182976048503196
2021-10-25,1742,114000,2302700,20.4,20.45,19.85,20.2,-0.1,76,20.67550177545687,20.977979048827034,20.820796278586407,19.808218375398493,19.190651700967322
2021-10-26,1742,249000,5104750,20.2,21.2,20.05,20.35,0.15,115,20.567001183637913,20.863801039949394,20.779857471752806,19.82439096120749,19.199401499450587
2021-10-27,1742,63000,1287550,20.95,20.95,20.35,20.45,0.1,42,20.52800078909194,20.788564487231323,20.751174213339517,19.843065857887865,19.208839978700016
2021-10-28,1742,89000,1806450,20.4,20.45,20.2,20.35,-0.1,53,20.46866719272796,20.7088254895529,20.71628949913608,19.858198220338974,19.21745250716266
2021-10-29,1742,80000,1631600,20.5,20.6,20.2,20.2,-0.15,56,20.37911146181864,20.616311764179645,20.67139476008077,19.86840125853781,19.224867959938788
2021-11-01,1742,250000,4963000,20.15,20.25,19.7,19.75,-0.45,143,20.169407641212427,20.4588005343288,20.591273476595486,19.864866892611307,19.228831220618495
2021-11-02,1742,362000,6965550,19.75,19.75,19.0,19.0,-0.75,202,19.77960509414162,20.193564073541747,20.45290186993501,19.839049970443806,19.227104192538356
2021-11-03,1742,122000,2348100,19.15,19.55,19.0,19.55,0.55,85,19.70307006276108,20.076552423806884,20.374388663853704,19.830421613117124,19.229541142028634
2021-11-04,1742,164000,3147650,19.55,19.55,18.95,19.3,-0.25,106,19.568713375174053,19.935361074023813,20.280963562649035,19.814588132128552,19.230072906994454
2021-11-05,1742,106000,2025000,19.2,19.25,19.05,19.25,-0.05,50,19.46247558344937,19.81074996965585,20.19131455720129,19.797734755050087,19.230223300149213
2021-11-08,1742,102000,1949300,19.25,19.25,19.0,19.2,-0.05,67,19.37498372229958,19.699704520627513,20.1051132913577,19.77989192654113,19.229995199770727
2021-11-09,1742,125000,2402450,19.1,19.45,19.0,19.4,0.2,84,19.383322481533053,19.64521278960433,20.043799092109204,19.76855186903244,19.231278254866798
2021-11-10,1742,273000,5325450,19.35,19.9,19.1,19.4,0.0,134,19.38888165435537,19.600628646039905,19.987816562360578,19.757550320703114,19.23255162652818
2021-11-11,1742,299000,5813200,19.45,20.1,19.15,19.3,-0.1,128,19.359254436236913,19.545968892214468,19.928006426503135,19.743892102174662,19.233060670856272
2021-11-12,1742,156000,3067800,19.65,19.9,19.4,19.7,0.4,87,19.47283629082461,19.573974548175475,19.908179780720253,19.742581890169447,19.236584741264902
2021-11-15,1742,75000,1470900,19.7,19.8,19.4,19.7,0.0,47,19.548557527216406,19.596888266689025,19.890077191092406,19.74131078897036,19.240082214915734
2021-11-16,1742,243000,4679150,19.55,19.95,19.05,19.15,-0.55,128,19.41570501814427,19.515635854563747,19.825722652736545,19.723659720642885,19.239402349142786
2021-11-17,1742,53000,1021450,19.3,19.55,19.15,19.35,0.2,40,19.393803345429514,19.485520244643066,19.784355465542063,19.712505699131157,19.240237048394537
2021-11-18,1742,79000,1524600,19.25,19.35,19.2,19.25,-0.1,35,19.34586889695301,19.44269838198069,19.73788977288623,19.698699558858586,19.24031073104816
2021-11-19,1742,111000,2166300,19.3,19.85,19.2,19.75,0.5,73,19.48057926463534,19.498571403438746,19.738942836113516,19.700230915310566,19.24415744251195
2021-11-22,1742,44000,863650,19.8,19.8,19.4,19.55,-0.2,32,19.503719509756895,19.507922057358975,19.722513024277557,19.69574641037592,19.246465688228838
2021-11-23,1742,194000,3850950,20.05,20.05,19.65,19.7,0.15,107,19.56914633983793,19.542845319657342,19.720555369992553,19.69587338320052,19.249888588695036
2021-11-24,1742,35000,689650,19.7,19.85,19.65,19.75,0.05,26,19.629430893225287,19.58050980699237,19.723115772601897,19.69748910310498,19.253663014440733
2021-11-25,1742,29000,569350,19.9,19.9,19.5,19.8,0.05,23,19.68628726215019,19.62041711481194,19.729801357593036,19.700549129877967,19.257786312444953
2021-11-26,1742,84000,1641050,19.6,19.85,19.25,19.85,0.05,55,19.740858174766796,19.662159457573406,19.74025341345451,19.705010349881608,19.26225584970952
2021-11-29,1742,80000,1548100,19.7,19.7,19.2,19.3,-0.55,56,19.59390544984453,19.59631228346915,19.70197050793673,19.69292048869111,19.262540711221146
2021-11-30,1742,175000,3451150,19.5,19.95,19.35,19.95,0.65,87,19.712603633229687,19.660619141020213,19.723538289855274,19.700594503954065,19.26772908321193
2021-12-01,1742,162000,3275700,19.95,20.5,19.95,20.1,0.15,90,19.841735755486457,19.74050656992563,19.756274090737424,19.71251705607484,19.274010373149952
2021-12-02,1742,103000,2078050,20.3,20.5,20.05,20.05,-0.05,62,19.911157170324305,19.796778102666423,19.78181547415156,19.72259117380395,19.279866898635614
2021-12-03,1742,67000,1357350,20.45,20.5,20.1,20.15,0.1,38,19.99077144688287,19.86100026581798,19.81383151987751,19.73534964622771,19.28643394091006
2021-12-06,1742,71000,1441850,20.45,20.45,20.15,20.35,0.2,43,20.110514297921913,19.94990930839653,19.860454865975118,19.753697417982107,19.29446085456357
2021-12-07,1742,79000,1585250,20.4,20.4,19.95,20.05,-0.3,48,20.090342865281276,19.968107615960797,19.876937051542498,19.76254227117667,19.30016303679328
2021-12-08,1742,104000,2073550,20.05,20.15,19.7,19.85,-0.2,46,20.010228576854185,19.946633503967924,19.874594699234454,19.765152949649007,19.30431274972314
2021-12-09,1742,47000,922250,19.7,19.75,19.5,19.6,-0.25,29,19.873485717902792,19.88360923051921,19.850716899301023,19.760223010853515,19.306544351612025
2021-12-10,1742,40000,779600,19.6,19.65,19.35,19.6,0.0,25,19.782323811935196,19.832043915879353,19.828915429796588,19.755440234410127,19.3087591112225
2021-12-13,1742,60000,1187050,19.8,19.9,19.7,19.8,0.2,41,19.788215874623464,19.826217749355834,19.826401044596885,19.75677037666654,19.312466589628368
2021-12-14,1742,85000,1687050,19.9,20.05,19.7,19.9,0.1,45,19.825477249748975,19.83963270401841,19.832800953762373,19.761045887810823,19.316900804046266
2021-12-15,1742,95000,1883400,19.7,19.9,19.7,19.9,0.0,39,19.850318166499317,19.850608576015063,19.838644349087385,19.76519377175677,19.321301552694973
2021-12-16,1742,67000,1337500,20.0,20.1,19.9,19.95,0.05,30,19.883545444332878,19.868679744012322,19.848327449166742,19.770710375584926,19.326046446636898
2021-12-17,1742,100000,1990850,19.7,20.1,19.6,20.0,0.05,35,19.922363629555253,19.8925561541919,19.861516366630504,19.777554841985378,19.33113288854907
2021-12-20,1742,24000,480150,20.2,20.2,19.9,20.0,0.0,16,19.9482424197035,19.912091398884282,19.87355842170611,19.784194995955964,19.3361809422204
2021-12-21,1742,84000,1666850,20.0,20.0,19.7,19.95,-0.05,31,19.948828279802335,19.91898387181441,19.8802055154708,19.789144399061755,19.340813538882887
2021-12-22,1742,74000,1460050,19.8,19.85,19.65,19.65,-0.3,35,19.849218853201556,19.8700777133027,19.860187644560295,19.78499083491066,19.3431470216083
2021-12-23,1742,126000,2464350,19.55,19.75,19.4,19.7,0.05,70,19.799479235467704,19.839154492702207,19.846258284163746,19.78245379506258,19.3458402516339
2021-12-24,1742,109000,2136250,19.6,19.7,19.5,19.6,-0.1,46,19.73298615697847,19.795671857665443,19.82484452032342,19.777007413120412,19.34775843841402
2021-12-27,1742,64000,1252900,19.55,19.75,19.45,19.7,0.1,31,19.72199077131898,19.778276974453544,19.813988475077906,19.774708684370548,19.350416865293912
2021-12-28,1742,61000,1198100,19.8,19.8,19.6,19.6,-0.1,39,19.681327180879318,19.745862979098355,19.795380781592872,19.769493499762472,19.35230051159358
2021-12-29,1742,55000,1078200,19.55,19.85,19.55,19.85,0.25,23,19.737551453919547,19.764796982898655,19.800130278845664,19.77189667887404,19.35605673414759
2021-12-30,1742,48000,948050,19.8,19.85,19.7,19.75,-0.1,26,19.741700969279698,19.762106622371626,19.795771124163434,19.771243046668843,19.359029890871003
2022-01-03,1742,91000,1792900,19.75,19.8,19.6,19.65,-0.1,43,19.711133979519797,19.74172360012224,19.78309537423618,19.767623851245894,19.36122589169462
2022-01-04,1742,48000,945350,19.6,19.85,19.6,19.75,0.1,21,19.724089319679866,19.743228400100012,19.780217515606946,19.767097766134075,19.364160035908245
2022-01-05,1742,32000,631850,19.75,19.8,19.65,19.8,0.05,20,19.749392879786576,19.753550509172737,19.781937731641126,19.76807992236888,19.367449394127807
2022-01-06,1742,33000,649500,19.65,19.8,19.6,19.7,-0.1,15,19.732928586524384,19.74381405295951,19.77481271149842,19.766047685880256,19.369959210021182
2022-01-07,1742,50000,988500,19.85,19.95,19.65,19.75,0.05,30,19.73861905768292,19.744938770603238,19.7726550844116,19.765568650480844,19.372827442398382
2022-01-10,1742,142000,2761400,19.65,19.95,19.0,19.6,-0.15,69,19.69241270512195,19.718586266857194,19.75764159881059,19.760626302705298,19.374541952267073
2022-01-11,1742,48000,939350,19.6,19.65,19.55,19.6,0.0,27,19.6616084700813,19.697025127428613,19.743933633696624,19.75583148769917,19.376243522438642
2022-01-12,1742,38000,742600,19.6,19.65,19.5,19.55,-0.05,24,19.624405646720867,19.670293286077957,19.727069839462136,19.74968726418576,19.377554892080614
2022-01-13,1742,22000,429050,19.5,19.6,19.45,19.55,0.0,16,19.599603764480577,19.64842177951833,19.7116724621176,19.74372645032947,19.37885636459321
2022-01-14,1742,37000,719650,19.6,19.6,19.4,19.5,-0.05,19,19.566402509653717,19.621436001424087,19.693266161063896,19.736451033901723,19.379770656181186
2022-01-17,1742,92000,1768800,19.65,19.65,19.05,19.3,-0.2,46,19.477601673102477,19.562993092074255,19.65906910358008,19.72342264483003,19.379168613493025
2022-01-18,1742,34000,667950,19.5,20.0,19.5,19.5,0.2,24,19.485067782068317,19.551539802606207,19.645237007616593,19.716753312148537,19.38008054848553
2022-01-19,1742,116000,2245450,19.3,19.95,19.2,19.95,0.45,66,19.640045188045544,19.62398711122326,19.671738137389063,19.723715899845594,19.384381827364884
2022-01-20,1742,131000,2579900,19.55,20.1,19.4,19.7,-0.25,65,19.660030125363697,19.637807636455396,19.67419569065958,19.72300796253677,19.3867638513093
2022-01-21,1742,102000,1991650,19.7,19.95,19.3,19.95,0.25,56,19.756686750242466,19.694569884372598,19.698178674080488,19.72978384425209,19.391014690167342
2022-01-24,1742,122000,2394100,19.6,19.95,19.45,19.5,-0.45,68,19.671124500161643,19.659193541759397,19.680945745899574,19.722924625020685,19.391837220807588
2022-01-25,1742,71000,1373750,19.35,19.45,19.25,19.35,-0.15,45,19.56408300010776,19.60297653416678,19.652167854951784,19.711792546661858,19.39152146819772
2022-01-26,1742,68000,1315100,19.25,19.5,19.25,19.4,0.05,37,19.509388666738506,19.566071709772817,19.63024021539076,19.702485306462997,19.39158545711698
2022-02-07,1742,142000,2832800,20.0,20.1,19.5,19.65,0.25,45,19.556259111159005,19.581331398905032,19.631958457530693,19.700918580896936,19.393535755553835
2022-02-08,1742,40000,788350,19.5,19.8,19.5,19.8,0.15,25,19.637506074106003,19.621089326376843,19.646570765571504,19.70387623519852,19.3966034102289
2022-02-09,1742,26000,512950,19.8,19.8,19.65,19.7,-0.1,18,19.658337382737336,19.635436721581055,19.65121678595659,19.703760526685134,19.398893195812075
2022-02-10,1742,166000,3286750,19.65,19.9,19.55,19.9,0.2,58,19.73889158849156,19.683539135839045,19.672850108916887,19.70961842141095,19.40267513395689
2022-02-11,1742,182000,3638050,19.9,20.1,19.9,19.95,0.05,76,19.809261058994373,19.73198656568649,19.696950099445854,19.716793990921072,19.406805887662877
2022-02-14,1742,1762000,38254850,19.95,21.9,19.9,21.9,1.95,638,20.506174039329583,20.126170826470766,19.88851965601578,19.781964319550294,19.42562244700127
2022-02-15,1742,2435000,53594100,22.0,22.75,21.0,21.35,-0.55,1340,20.787449359553055,20.3486852216579,20.015604903318756,19.828771354787598,19.440146051174846
2022-02-16,1742,657000,13657150,21.5,21.5,20.25,20.6,-0.75,412,20.724966239702038,20.3943788177201,20.06642186824756,19.851793105390954,19.448899665882962
2022-02-17,1742,411000,8718600,20.75,21.8,20.6,20.85,0.25,259,20.76664415980136,20.477219032680082,20.134559097095597,19.88159032612555,19.459474008027243
2022-02-18,1742,430000,9132300,21.15,21.7,20.6,21.5,0.65,220,21.01109610653424,20.663179208556432,20.2532930886525,19.929901062659116,19.474874204193075
2022-02-21,1742,475000,10262750,21.65,22.2,21.2,21.4,-0.1,261,21.14073073768949,20.797146625182535,20.3530067331175,19.9737846130275,19.489403455482183
2022-02-22,1742,153000,3197000,21.45,21.45,20.55,20.85,-0.55,92,21.043820491792996,20.806756329694803,20.39622353893337,19.99994029622071,19.499672108648355
2022-02-23,1742,80000,1677700,21.3,21.3,20.8,20.95,0.1,52,21.012546994528662,20.832800633386658,20.44437801380873,20.0283002873783,19.51061797952648
2022-02-24,1742,255000,5307750,21.1,21.1,20.7,21.0,0.05,117,21.00836466301911,20.863200518225447,20.49269296912971,20.057306248949097,19.52185859854892
2022-02-25,1742,149000,3131200,21.0,21.15,20.75,21.0,0.0,74,21.00557644201274,20.888073151275368,20.536806623987996,20.085446360920766,19.533014382710814
2022-03-01,1742,77000,1618900,20.95,21.1,20.95,21.05,0.05,42,21.02038429467516,20.917514396498028,20.581432134945562,20.11423900686343,19.544463330765826
2022-03-02,1742,147000,3123650,21.1,21.5,20.95,21.5,0.45,83,21.180256196450106,21.023420869862022,20.661307601472036,20.15560500665855,19.559222098080802
2022-03-03,1742,242000,5254000,21.9,21.9,21.45,21.65,0.15,117,21.33683746430007,21.137344348068925,20.747280853517946,20.200213812429936,19.575001553944343
2022-03-04,1742,157000,3378250,21.6,21.8,21.05,21.65,0.0,81,21.441224976200047,21.23055446660185,20.825778170603343,20.243491012058893,19.590661919574952
2022-03-07,1742,246000,5295500,21.5,21.75,21.35,21.4,-0.25,124,21.4274833174667,21.261362745401513,20.875710503594355,20.278013668415344,19.60431730131401
2022-03-08,1742,340000,7303350,21.75,21.75,21.25,21.25,-0.15,142,21.368322211644465,21.259296791692147,20.90825741632528,20.30702818577608,19.616737548096545
2022-03-09,1742,108000,2285900,21.05,21.35,21.0,21.2,-0.05,47,21.312214807762977,21.24851555683903,20.93362633664482,20.33368406082754,19.628686698676947
2022-03-10,1742,84000,1786300,21.2,21.65,21.1,21.1,-0.1,52,21.241476538508653,21.221512728322843,20.948093611719184,20.356559163489404,19.639790950007686
2022-03-11,1742,154000,3213400,21.1,21.1,20.65,20.75,-0.35,77,21.077651025672434,21.135783141355052,20.93086808026534,20.36830366607181,19.648169886234044
2022-03-14,1742,796000,17217900,20.95,21.95,20.95,21.95,1.2,335,21.368434017114957,21.28382257019959,21.01948824719879,20.415518482009965,19.665542188979448
2022-03-15,1742,3039000,69223100,22.2,23.6,21.75,21.75,-0.2,1539,21.49562267807664,21.368582102890574,21.08301100831194,20.4553537512037,19.681273946043753
2022-03-16,1742,434000,9361050,21.9,22.1,21.1,21.35,-0.4,248,21.447081785384427,21.36520353872865,21.10622744237177,20.482059609376723,19.693868104941537
2022-03-17,1742,1452000,33983450,23.25,23.45,22.7,23.45,2.1,330,22.114721190256283,21.744257440777986,21.31003375173075,20.570654844917716,19.72221627018726
2022-03-18,1742,3565000,79464750,23.0,23.25,21.25,22.7,-0.75,1720,22.309814126837523,21.918028815181987,21.430900382015032,20.63421738686047,19.744690109657544
2022-03-21,1742,470000,10487650,22.7,22.7,22.05,22.35,-0.35,310,22.323209417891682,21.996569030603446,21.51082208792677,20.68543477829747,19.764352825811073
2022-03-22,1742,1088000,24546150,22.6,23.35,21.8,21.8,-0.55,672,22.148806278594456,21.960829206857365,21.53596799332444,20.71870538193038,19.779716200710613
2022-03-23,1742,1075000,22839000,21.95,22.1,20.85,21.05,-0.75,545,21.78253751906297,21.795223896519662,21.493709906948403,20.728594773514548,19.78930324825242
2022-03-24,1742,433000,9053400,21.05,21.1,20.8,20.8,-0.25,245,21.455025012708646,21.61427409715245,21.433387306344194,20.73072627281262,19.79693114826561
2022-03-25,1742,307000,6467100,20.9,21.4,20.75,21.1,0.3,182,21.336683341805763,21.520769715852005,21.404397105792526,20.74174936914657,19.806765630165494
2022-03-28,1742,393000,8058500,21.1,21.1,20.35,20.4,-0.7,196,21.02445556120384,21.316993403878914,21.31705822702796,20.731547895440702,19.811242870692546
2022-03-29,1742,504000,10788000,20.5,21.9,20.5,21.8,1.4,285,21.282970374135893,21.40481278499184,21.359053163808138,20.763441988114113,19.826252358460902
2022-03-30,1742,199000,4271750,21.8,21.85,21.25,21.4,-0.4,107,21.321980249423927,21.40393773317514,21.362613758259606,20.7824437198122,19.838129699151764
2022-03-31,1742,394000,8556850,21.75,22.0,21.35,21.85,0.45,227,21.497986832949284,21.485039963506935,21.404995170584858,20.814311071459596,19.85331362595062
2022-04-01,1742,355000,7611600,21.8,22.15,20.9,21.25,-0.6,186,21.415324555299524,21.442305424687493,21.391517329664435,20.82731671111752,19.863854655188728
2022-04-06,1742,135000,2817850,20.95,21.0,20.7,20.95,-0.3,96,21.260216370199682,21.352795347471584,21.353124518389265,20.830978898845352,19.872051978545795
2022-04-07,1742,113000,2333250,20.9,21.0,20.55,20.6,-0.35,66,21.040144246799787,21.215923466113114,21.287635429833678,20.824084006342506,19.877545925877524
2022-04-08,1742,696000,15177000,20.75,22.45,20.75,21.8,1.2,394,21.293429497866526,21.322119199547092,21.332188870717705,20.8532158270487,19.892055013229392
2022-04-11,1742,320000,6885200,21.85,22.3,21.1,21.15,-0.65,213,21.24561966524435,21.29082479962944,21.316346360220514,20.862075056092024,19.90154893765785
2022-04-12,1742,140000,2937550,21.55,21.55,20.8,20.9,-0.25,84,21.130413110162902,21.21976574515136,21.28014232889699,20.863207143969873,19.90908441737364
2022-04-13,1742,88000,1866600,21.05,21.45,20.9,21.4,0.5,62,21.22027540677527,21.252535609669295,21.290564735079858,20.879230811314056,19.920336610450068
2022-04-14,1742,121000,2562200,21.2,21.4,20.95,21.2,-0.2,76,21.21351693785018,21.242983680638513,21.282689540725087,20.88880601097632,19.929994447352332
2022-04-15,1742,241000,5036100,21.45,21.45,20.65,20.65,-0.55,140,21.025677958566785,21.135168465976964,21.227673058922907,20.881677473335237,19.935428451523258
2022-04-18,1742,81000,1663700,20.65,20.65,20.4,20.55,-0.1,42,20.867118639044524,21.0287741994357,21.168744966842652,20.871776653235678,19.94006672736082
2022-04-19,1742,142000,2979600,20.6,21.4,20.6,20.8,0.25,91,20.844745759363015,20.98717889044739,21.136680187117204,20.869634066571926,19.94655678979583
2022-04-20,1742,59000,1238950,21.0,21.4,20.8,20.8,0.0,44,20.82983050624201,20.9531463649115,21.107403649107013,20.867555437719034,19.952997870627563
2022-04-21,1742,36000,754350,21.0,21.15,20.8,20.8,0.0,26,20.81988700416134,20.92530157129123,21.08067289701075,20.865538857488616,19.959390339528486
2022-04-22,1742,75000,1575250,20.8,21.25,20.8,20.85,0.05,56,20.829924669440896,20.911610376511007,21.060614384227208,20.865075010996417,19.96611192187167
2022-04-25,1742,101000,2073600,20.85,20.85,20.3,20.5,-0.35,48,20.719949779627264,20.83677212623628,21.011865307337885,20.854177249474137,19.970141265857542
2022-04-26,1742,58000,1193600,20.5,20.65,20.5,20.55,0.05,30,20.663299853084844,20.784631739647864,20.97170310669981,20.845097331579385,19.974517558190694
2022-04-27,1742,264000,5359750,20.5,20.85,20.1,20.3,-0.25,80,20.542199902056563,20.696516877893707,20.913294140899826,20.828825769442687,19.976974029449632
2022-04-28,1742,62000,1267600,20.3,20.7,20.3,20.55,0.25,34,20.544799934704375,20.669877445549396,20.88170334603897,20.82050261214589,19.981298753755674
2022-04-29,1742,52000,1069900,20.6,20.75,20.4,20.45,-0.1,38,20.513199956469585,20.629899728176778,20.844163924644278,20.809442832678847,19.984836121651856
2022-05-03,1742,119000,2490650,20.4,21.15,20.4,20.75,0.3,67,20.592133304313055,20.651736141235546,20.835975757283904,20.80766841976306,19.990610943375238
2022-05-04,1742,64000,1350850,20.85,21.2,20.85,21.2,0.45,30,20.794755536208704,20.75142047919272,20.867630039259218,20.819379810217896,19.999738407953537
2022-05-05,1742,298000,6418100,21.55,22.0,20.9,21.55,0.35,172,21.046503690805803,20.896616755703135,20.926966557584503,20.84118936812184,20.01143849544068
2022-05-06,1742,45000,932500,21.1,21.1,20.4,20.85,-0.7,27,20.9810024605372,20.88814098193893,20.92027381344672,20.8414523720585,20.017767261512823
2022-05-09,1742,68000,1413250,20.55,21.0,20.55,20.75,-0.1,42,20.904001640358135,20.863024439768214,20.905467394886134,20.838722450504516,20.023293546331594
2022-05-10,1742,30000,623650,20.75,21.0,20.75,20.85,0.1,22,20.88600109357209,20.860656359810356,20.900644143156907,20.839059093773038,20.029532840321544
2022-05-11,1742,28000,585550,20.9,21.0,20.85,20.95,0.1,24,20.907334062381395,20.876900658026656,20.904935956795438,20.842370762615634,20.03647976228138
2022-05-12,1742,56000,1168100,20.9,21.0,20.7,20.7,-0.25,32,20.838222708254264,20.84473690202181,20.887115438813225,20.83812088910472,20.04148746218869
2022-05-13,1742,51000,1057100,21.0,21.0,20.65,20.9,0.2,25,20.858815138836174,20.854784738017845,20.888235835438163,20.839968026743385,20.047966802096703
2022-05-16,1742,98000,2035900,20.85,20.9,20.65,20.65,-0.25,48,20.78921009255745,20.817551149287326,20.867519675834846,20.834297339377912,20.05251044887333
2022-05-17,1742,17000,354450,20.75,20.95,20.75,20.85,0.2,10,20.8094733950383,20.823450940325994,20.86599622576225,20.834766075515883,20.058529237938437
2022-05-18,1742,93000,1943300,20.9,21.0,20.7,20.8,-0.05,35,20.8063155966922,20.819187132993996,20.860257423522054,20.833728282216903,20.064125243689844
2022-05-19,1742,62000,1280150,20.65,20.7,20.6,20.65,-0.15,24,20.7542103977948,20.788425836085995,20.841974169302745,20.82824385588207,20.068546939963884
2022-05-20,1742,18000,377700,20.9,21.25,20.75,20.95,0.3,16,20.819473598529868,20.81780295679763,20.85136771979816,20.831878367646787,20.075199415888687
2022-05-23,1742,82000,1712600,20.85,21.0,20.8,20.8,-0.15,38,20.812982399019912,20.8145660555617,20.84690096155484,20.830926774582704,20.08066960897632
2022-05-24,1742,19000,395150,20.8,20.9,20.75,20.75,-0.05,14,20.791988266013274,20.8028267727323,20.838474790984854,20.828511049968295,20.08572115909725
2022-05-25,1742,25000,521450,20.8,21.0,20.8,20.9,0.15,14,20.827992177342182,20.820494632235516,20.843824809160083,20.830645048476704,20.09186665978331
2022-05-26,1742,55000,1151950,20.9,21.0,20.85,20.85,-0.05,33,20.835328118228123,20.82585924455633,20.844361782276597,20.831222808223668,20.09758842084155
2022-05-27,1742,78000,1639000,20.95,21.2,20.95,20.95,0.1,42,20.873552078818747,20.848430291000632,20.853547714252546,20.834768396037887,20.104021715778593
2022-05-30,1742,46000,972150,21.0,21.4,21.0,21.2,0.25,37,20.98236805254583,20.912352056273246,20.883673999969716,20.845670831977056,20.112293249999134
2022-05-31,1742,30000,639200,21.25,21.45,21.0,21.25,0.05,22,21.07157870169722,20.973742591496293,20.915528434754957,20.857740359380728,20.120879716036875
2022-06-01,1742,14000,298350,21.25,21.35,21.2,21.35,0.1,14,21.16438580113148,21.04215302940606,20.95330857086322,20.872434677011153,20.13015609553848
2022-06-02,1742,27000,573250,21.1,21.3,21.1,21.3,-0.05,14,21.209590534087653,21.089034296786775,20.983455651657724,20.88519782098097,20.13898510613819
2022-06-06,1742,62000,1331650,21.95,21.95,21.25,21.5,0.2,47,21.30639368939177,21.163755333734635,21.028372551513574,20.903550124832286,20.1492569166579
2022-06-07,1742,39000,826900,21.5,21.5,21.05,21.15,-0.35,29,21.25426245959451,21.1612543639647,21.03894885138196,20.91090683752386,20.15680969464539
2022-06-08,1742,24000,506950,21.2,21.2,21.05,21.2,0.05,20,21.236174973063008,21.16829902506203,21.052953299087875,20.91953648416494,20.164682829025423
2022-06-09,1742,30000,638650,21.2,21.45,21.1,21.4,0.2,18,21.29078331537534,21.210426475050753,21.083131273080234,20.93387867866748,20.17400597748561
2022-06-10,1742,53000,1132850,21.55,21.55,21.35,21.35,-0.05,31,21.310522210250227,21.23580347958698,21.10633724933413,20.946300210647554,20.182881404070624
2022-06-13,1742,52000,1104550,20.95,21.3,20.95,21.3,-0.05,22,21.307014806833486,21.24747557420753,21.123177488522465,20.95685841331479,20.191312487813487
2022-06-14,1742,45000,946150,21.25,21.25,20.9,20.95,-0.35,23,21.188009871222324,21.193389106169796,21.108118576477032,20.956653684559125,20.19703843130169
2022-06-15,1742,66000,1378450,21.0,21.0,20.85,20.95,0.0,30,21.108673247481548,21.14913654141165,21.094369135044246,20.956455067109598,20.202721160122053
2022-06-16,1742,37000,773950,21.0,21.0,20.85,20.85,-0.1,21,21.022448831654366,21.094748079336807,21.0731196450404,20.953277303912298,20.207606283441887
2022-06-17,1742,35000,727450,20.8,20.85,20.75,20.85,0.0,19,20.964965887769576,21.050248428548297,21.053717936776017,20.9501943993179,20.212454537906478
2022-06-20,1742,46000,948800,20.65,20.8,20.6,20.6,-0.25,20,20.843310591846386,20.968385077903154,21.01426420314332,20.939740835159157,20.215379409318505
2022-06-21,1742,20000,418100,20.65,21.2,20.65,21.2,0.6,14,20.962207061230924,21.010496881920762,21.03041514200042,20.947509765452914,20.2228105081161
2022-06-22,1742,150000,3139350,21.0,21.0,20.75,20.75,-0.45,18,20.891471374153948,20.963133812480624,21.00603121660908,20.941613951558796,20.226789296734093
2022-06-23,1742,88000,1829750,20.8,20.8,20.75,20.75,0.0,19,20.844314249435964,20.92438221021142,20.983767632556116,20.93589413210928,20.230738056758742
2022-06-24,1742,8000,166100,20.8,20.8,20.75,20.75,0.0,4,20.812876166290643,20.892676353809343,20.963440012333844,20.930345053538854,20.23465701482094
2022-06-27,1742,11000,228750,20.8,20.8,20.75,20.8,0.05,6,20.80858411086043,20.87582610766219,20.949227837348293,20.92645415641829,20.238923754331726
2022-06-28,1742,27000,561950,20.9,21.0,20.8,21.0,0.2,13,20.872389407240288,20.898403178996336,20.953642808013658,20.928649554734164,20.244667725997147
2022-06-29,1742,16000,333050,21.0,21.0,20.8,20.8,-0.2,9,20.848259604826858,20.880511691906094,20.940282563838558,20.92480926951822,20.248858912970753
2022-06-30,1742,175000,3719750,21.1,21.9,20.8,21.75,0.95,123,21.14883973655124,21.038600475195896,21.010692775678685,20.94944182863708,20.260188279665314
2022-07-01,1742,115000,2426550,21.75,21.75,20.8,20.95,-0.8,64,21.082559824367493,21.02249129788755,21.00541514301097,20.94945849046881,20.26539440585652
2022-07-04,1742,54000,1124150,20.85,20.9,20.8,20.8,-0.15,27,20.988373216244995,20.98203833463527,20.987552956662192,20.944997042992128,20.269429165057602
2022-07-05,1742,4000,82800,20.7,20.7,20.7,20.7,-0.1,2,20.892248810829997,20.930758637428855,20.962548351735045,20.9376836984252,20.272678756264714
2022-07-06,1742,38000,780700,20.8,20.8,20.1,20.75,0.05,25,20.84483254055333,20.897893430623608,20.94406588636678,20.932081199964745,20.276281180745734
2022-07-07,1742,33000,677700,20.4,20.8,20.4,20.8,0.05,12,20.829888360368887,20.88009462505568,20.93153841798706,20.92813847757774,20.280233775608032
2022-07-08,1742,21000,433850,20.65,20.8,20.6,20.8,0.0,10,20.81992557357926,20.86553196595465,20.920100294683838,20.924313448396315,20.284156539565707
2022-07-11,1742,28000,592100,20.85,21.85,20.5,20.85,0.05,24,20.829950382386173,20.86270797214471,20.914004616885244,20.922095136503888,20.28842705624823
2022-07-12,1742,51000,1054700,20.6,21.05,20.5,21.05,0.2,26,20.903300254924115,20.8967610681184,20.925830302373484,20.925913192130636,20.294174776578433
2022-07-13,1742,204000,4427150,21.1,22.0,20.9,20.9,-0.15,68,20.90220016994941,20.897349964824148,20.923584189123616,20.925139664007332,20.298747042415577
2022-07-14,1742,17000,353450,21.2,21.2,20.6,20.9,0.0,14,20.901466779966274,20.897831789401575,20.92153339006939,20.92438922627577,20.303284800586027
2022-07-15,1742,58000,1197600,20.75,20.75,20.6,20.7,-0.2,26,20.834311186644182,20.861862373146742,20.902269617019876,20.91769104041679,20.306278877562736
2022-07-18,1742,11000,227450,20.6,20.8,20.6,20.8,0.1,9,20.822874124429454,20.850614668938245,20.893376606844235,20.914177875031214,20.310005074713207
2022-07-19,1742,11000,227750,20.6,20.8,20.6,20.8,0.0,7,20.815249416286303,20.841412001858565,20.885256901901258,20.91076958025416,20.31370314962103
2022-07-20,1742,10000,206500,20.8,20.8,20.6,20.6,-0.2,9,20.743499610857537,20.797518910611554,20.860451953909845,20.901492876365978,20.31586388056729
2022-07-21,1742,49000,1006400,20.6,20.75,20.5,20.75,0.15,16,20.745666407238357,20.78887910868218,20.850847436178555,20.896970700952068,20.319140379581874
2022-07-22,1742,27000,559500,20.8,20.8,20.6,20.6,-0.15,11,20.697110938158904,20.75453745255815,20.829034615641287,20.888105903908723,20.321260074830313
2022-07-25,1742,3000,62200,20.8,20.8,20.7,20.7,0.1,3,20.698073958772603,20.744621552093033,20.817814214281174,20.882490802299507,20.324118489359897
2022-07-26,1742,16000,331400,20.7,20.9,20.7,20.9,0.2,2,20.765382639181734,20.77287217898521,20.824960804343682,20.883013464917433,20.3284647649119
2022-07-27,1742,31000,641050,20.95,21.05,20.5,20.55,-0.35,18,20.693588426121156,20.732349964624262,20.801051169183363,20.873072764472138,20.3301367289503
2022-07-28,1742,19000,391200,20.5,20.65,20.5,20.6,0.05,11,20.66239228408077,20.708286334692577,20.783568458819595,20.864921338667,20.33217343288275
2022-07-29,1742,35000,718800,20.6,20.6,20.35,20.35,-0.25,11,20.558261522720514,20.64314336474847,20.745866853704847,20.849550552438135,20.33230797301194
2022-08-01,1742,24000,490400,20.4,20.45,20.4,20.45,0.1,13,20.52217434848034,20.60802638933966,20.72013930120877,20.837623670275804,20.333196214725056
2022-08-02,1742,119000,2451650,20.45,21.25,20.45,20.45,0.0,26,20.49811623232023,20.57929431855063,20.696648927190616,20.826052814446676,20.334077752727133
2022-08-03,1742,64000,1288000,20.0,20.4,20.0,20.4,-0.05,26,20.46541082154682,20.546695351541423,20.670853368304474,20.81333481998558,20.334575279121644
2022-08-04,1742,16000,321300,20.2,20.2,20.0,20.1,-0.3,12,20.343607214364546,20.465478014897528,20.62121394497365,20.792041243269594,20.332804899656576
2022-08-05,1742,31000,640850,20.5,20.7,20.5,20.55,0.45,13,20.412404809576365,20.480845648552524,20.61502142801942,20.784816131530203,20.334444107961055
2022-08-08,1742,1000,20750,20.75,20.75,20.75,20.75,0.2,1,20.524936539717576,20.529782803361154,20.62675869514817,20.783776844021837,20.33758037884437
2022-08-09,1742,8000,166200,20.8,20.8,20.65,20.65,-0.1,5,20.566624359811716,20.551640475477306,20.628779678178763,20.77978350539432,20.33993826277762
2022-08-10,1742,9000,185050,20.6,20.6,20.55,20.55,-0.1,6,20.561082906541145,20.551342207208705,20.62192927138061,20.77292429627807,20.341523634379296
2022-08-11,1742,26000,542550,20.65,21.0,20.65,20.7,0.15,14,20.607388604360764,20.578370896807122,20.62871803039099,20.770747451613055,20.344229116383982
2022-08-12,1742,12000,246250,20.7,20.7,20.3,20.5,-0.2,11,20.571592402907175,20.564121642842192,20.617525158183078,20.762665438132068,20.345404745694292
2022-08-15,1742,15000,307600,20.5,20.6,20.5,20.5,0.0,14,20.547728268604782,20.55246316232543,20.607305579210635,20.754824678784843,20.346571502330562
2022-08-16,1742,4000,82750,20.8,20.8,20.45,20.7,0.2,3,20.598485512403187,20.579288041902625,20.615365963627102,20.753188121209174,20.349238887218632
2022-08-17,1742,14000,287000,20.7,20.7,20.4,20.45,-0.25,11,20.548990341602124,20.555781125193057,20.60098631461605,20.74413772953129,20.34999934844717
2022-08-18,1742,14000,286400,20.3,20.75,20.25,20.45,0.0,8,20.515993561068083,20.536548193339772,20.58785706986683,20.73535749879901,20.350754070345683
2022-08-19,1742,18000,368600,20.5,20.5,20.4,20.4,-0.05,12,20.477329040712053,20.511721249096176,20.571521672487105,20.72534682719307,20.351125737739302
2022-08-22,1742,5000,103550,20.9,20.9,20.5,20.5,0.1,5,20.484886027141368,20.50959011289687,20.565302396618662,20.718620056232083,20.352249317077117
2022-08-23,1742,36000,730250,20.3,20.6,20.2,20.6,0.1,23,20.523257351427578,20.52602827418835,20.568319579521386,20.715079159031127,20.354119133552008
2022-08-24,1742,64000,1325250,20.6,20.8,20.6,20.7,0.1,25,20.582171567618385,20.557659497063195,20.579770050867353,20.714629034880943,20.356729555185577
2022-08-25,1742,79000,1649900,20.75,21.0,20.75,20.95,0.25,30,20.704781045078924,20.628994133960795,20.611963959487582,20.72165503383972,20.36120706797663
2022-08-26,1742,27000,562400,20.95,20.95,20.8,20.8,-0.15,12,20.736520696719282,20.660086109604286,20.62831491953214,20.723993689546,20.364518712746616
2022-08-29,1742,8000,164600,20.7,20.7,20.5,20.6,-0.2,5,20.691013797812854,20.649161362403508,20.625852752616304,20.720292385380446,20.366295930008906
2022-08-30,1742,14000,293750,21.0,21.0,20.75,20.75,0.15,7,20.710675865208568,20.667495660148326,20.636648165432277,20.7211791798467,20.369191809782425
2022-08-31,1742,11000,227200,20.65,20.75,20.6,20.65,-0.1,8,20.690450576805713,20.664314631030447,20.637809194525122,20.719054428209486,20.371311116878406
2022-09-01,1742,9000,184550,20.5,20.55,20.5,20.5,-0.15,6,20.62696705120381,20.634439243570366,20.625825786305548,20.712515490053978,20.372282353732153
2022-09-02,1742,11000,226550,20.55,20.9,20.45,20.5,0.0,9,20.58464470080254,20.60999574473939,20.614884413583326,20.706171744082216,20.37324626049644
2022-09-05,1742,15000,309050,20.55,20.7,20.5,20.55,0.05,10,20.573096467201694,20.599087427514046,20.609242290663037,20.701509900975285,20.37458025098326
2022-09-06,1742,5000,103100,20.5,20.7,20.5,20.7,0.15,3,20.615397644801128,20.617435167966036,20.61713426538799,20.70146482930438,20.37703624908905
2022-09-07,1742,13000,267700,20.7,20.7,20.5,20.5,-0.2,9,20.57693176320075,20.59608331924494,20.60694867709338,20.69545095380276,20.377964277397812
2022-09-08,1742,7000,143200,20.4,20.6,20.4,20.6,0.1,4,20.584621175467166,20.59679544301859,20.606344444302653,20.692601671599693,20.37964001870047
2022-09-12,1742,3000,61850,20.6,20.7,20.55,20.7,0.1,3,20.623080783644777,20.6155599079243,20.61448840566764,20.692822517223583,20.38205782988009
2022-09-13,1742,19000,391500,20.7,20.7,20.5,20.65,-0.05,15,20.632053855763186,20.621821742847153,20.617576370392193,20.691544233127356,20.384080034937597
2022-09-14,1742,5000,102700,20.7,20.7,20.35,20.65,0.0,5,20.638035903842123,20.62694506232949,20.620395816445047,20.690304106765346,20.386086978070143
2022-09-15,1742,21000,431550,20.65,20.8,20.45,20.65,0.0,18,20.64202393589475,20.631136869178672,20.622970093275914,20.68910099910071,20.388078774462066
2022-09-16,1742,7000,143750,20.5,20.65,20.5,20.5,-0.15,5,20.59468262392983,20.607293802055278,20.612277041686703,20.683456193157404,20.388923462956694
2022-09-19,1742,18000,368750,20.5,20.5,20.4,20.5,0.0,8,20.563121749286555,20.587785838045228,20.602513820670467,20.67797988888405,20.389761776443812
2022-09-20,1742,290000,6160850,20.5,21.65,20.5,21.05,0.55,109,20.72541449952437,20.671824776582458,20.641425662351296,20.68908496682781,20.394744706432917
2022-09-21,1742,277000,5896600,20.95,21.45,20.95,21.1,0.05,101,20.850276333016247,20.74967481720383,20.681301691712054,20.70135108722101,20.4000673878938
2022-09-22,1742,248000,5347050,21.1,21.8,21.1,21.5,0.4,93,21.066850888677497,20.886097577712224,20.752492848954486,20.725191353274113,20.408368766098373
2022-09-23,1742,574000,12553250,21.65,22.35,21.4,21.4,-0.1,219,21.177900592451664,20.979534381764548,20.808797818610618,20.745334894967424,20.415852775410837
2022-09-26,1742,120000,2461350,21.4,21.4,20.1,20.1,-1.3,80,20.818600394967778,20.81961903962554,20.747163225687956,20.726071166759443,20.413468980879433
2022-09-27,1742,301000,6142000,20.1,20.9,19.8,20.15,0.05,101,20.595733596645186,20.697870123329988,20.695235988671612,20.708875012527816,20.41148053574072
2022-09-28,1742,101000,2023500,20.75,20.75,19.5,19.6,-0.55,61,20.26382239776346,20.498257373633628,20.59999807661321,20.675774265885195,20.4053561543389
2022-09-29,1742,89000,1759450,19.4,20.3,19.4,19.85,0.25,58,20.125881598508972,20.38039239660933,20.534780852559887,20.65112428779907,20.40116478713634
2022-09-30,1742,4000,79900,19.85,20.1,19.85,20.1,0.25,4,20.117254399005983,20.32941196086218,20.496973821902507,20.634672816521487,20.398891845346633
2022-10-03,1742,23000,464250,20.1,20.25,20.1,20.15,0.05,22,20.128169599337323,20.296791604341784,20.466802185215332,20.62020497125219,20.397013416325148
2022-10-04,1742,9000,182850,20.2,20.35,20.2,20.35,0.2,9,20.202113066224882,20.306465858097823,20.456645473457478,20.61213915121481,20.39665859808873
2022-10-05,1742,66000,1342850,20.4,20.4,20.15,20.35,0.0,46,20.251408710816587,20.31438115662549,20.447371954026394,20.604314101924814,20.396306457725796
2022-10-06,1742,339000,6472950,20.35,20.35,18.7,18.9,-1.45,191,19.80093914054439,20.057220946329945,20.312817871067576,20.553439054106164,20.385013578799562
2022-10-07,1742,235000,4447850,18.9,19.4,18.6,19.15,0.25,138,19.583959427029594,19.892271683360864,20.21170327358344,20.511545350998517,20.375692721601073
2022-10-11,1742,83000,1579150,19.15,19.2,18.85,18.95,-0.2,61,19.37263961801973,19.720949559113436,20.101989945445748,20.46493205693886,20.364932776532385
2022-10-12,1742,108000,2039400,18.95,19.05,18.75,18.95,0.0,73,19.231759745346487,19.5807769120019,20.001816906711333,20.419710204492922,20.35425403859629
2022-10-13,1742,122000,1908650,16.3,16.6,15.1,15.2,0.0,76,17.88783983023099,18.784272018910645,19.584267610475564,20.263897959582685,20.31535400811632
2022-10-14,1742,24000,373400,15.3,15.65,15.3,15.4,0.2,20,17.05855988682066,18.168949833654164,19.220418253042908,20.118706975714545,20.27825699673431
2022-10-17,1742,1286000,18070800,15.25,15.25,13.9,14.0,-1.4,365,16.039039924547108,17.410958954807953,18.76646883973483,19.93605900629023,20.230873925060845
2022-10-18,1742,161000,2332550,14.35,15.35,14.05,14.55,0.55,102,15.542693283031406,16.890784599388326,18.39981937541006,19.775281125505447,20.187999404871707
2022-10-19,1742,41000,594850,14.65,14.85,14.25,14.45,-0.1,34,15.178462188687604,16.447005581317722,18.05635682102658,19.616317509818717,20.144693748985883
2022-10-20,1742,20000,288600,14.55,14.6,14.25,14.55,0.1,15,14.968974792458402,16.102095475623592,17.751456227893833,19.465084151316667,20.10246964521995
2022-10-21,1742,26000,383100,14.6,14.85,14.6,14.75,0.2,19,14.895983194972269,15.856259934601121,17.490460034163934,19.32433537068035,20.062073647897538
2022-10-24,1742,29000,425100,14.75,14.8,14.5,14.8,0.05,18,14.86398879664818,15.664212673764554,17.256506987714896,19.18928058349586,20.02235988451718
2022-10-25,1742,14000,207250,14.85,14.85,14.8,14.8,0.0,6,14.842659197765453,15.507083096716453,17.04289768443534,19.058257282495987,19.9829458476529
2022-10-26,1742,315000,4704250,14.8,15.1,14.8,15.1,0.3,22,14.928439465176968,15.433067988222552,16.87395005970183,18.940100348690137,19.94609342616118
2022-10-27,1742,19000,286100,14.65,15.15,14.65,15.05,-0.05,13,14.968959643451312,15.36341926309118,16.71534570668428,18.823977950221774,19.90914177766185
2022-10-28,1742,44000,666700,15.1,15.2,15.1,15.1,0.05,16,15.012639762300875,15.315524851620056,16.574880862624777,18.712814429319632,19.872846368019122
2022-10-31,1742,3000,46200,15.5,15.5,15.2,15.2,0.1,2,15.07509317486725,15.294520333143682,16.455326005005233,18.607954297101134,19.837579602977467
2022-11-01,1742,21000,315900,15.2,15.2,14.95,15.2,0.0,9,15.116728783244833,15.277334818026649,16.3461672219613,18.50622431808319,19.80257900220028
2022-11-02,1742,30000,450650,15.1,15.15,15.0,15.15,-0.05,12,15.12781918882989,15.254183032930895,16.242152680921187,18.406038517543394,19.76746519841009
2022-11-03,1742,42000,635050,15.25,15.3,14.9,15.05,-0.1,22,15.101879459219926,15.217058845125278,16.1384872304063,18.305858263288368,19.73186168747869
2022-11-04,1742,22000,335950,15.0,15.4,15.0,15.4,0.35,19,15.201252972813284,15.250320873284318,16.074270949501408,18.21911622557827,19.699168391724136
2022-11-07,1742,11000,170400,15.2,15.65,15.2,15.65,0.25,10,15.350835315208856,15.322989805414442,16.037377823457806,18.14242618899384,19.668608630277163
2022-11-08,1742,33000,528050,15.8,16.2,15.8,15.95,0.3,17,15.550556876805905,15.436991658975453,16.02977975185278,18.07698063111343,19.640543659482617
2022-11-09,1742,8000,127500,15.8,16.1,15.8,16.0,0.05,5,15.700371251203936,15.539356811889007,16.02719020821341,18.014981209289147,19.613067858278974
2022-11-10,1742,22000,353950,15.9,16.3,15.8,16.1,0.1,14,15.833580834135958,15.641291937000098,16.03352149445572,17.95781759110141,19.58655413859385
2022-11-11,1742,15000,241650,16.25,16.25,16.1,16.1,0.0,10,15.922387222757306,15.72469340300008,16.039302234068266,17.902360349575996,19.56024052245352
2022-11-14,1742,7000,112200,16.2,16.2,15.95,16.1,0.0,3,15.981591481838205,15.792930966090974,16.044580300671026,17.848558548096115,19.53412549964255
2022-11-15,1742,12000,189300,15.85,15.9,15.55,15.65,-0.45,11,15.871060987892136,15.766943517710798,16.010268970177894,17.782929934720112,19.504811344928267
2022-11-16,1742,16000,249250,15.5,15.7,15.5,15.7,0.05,13,15.814040658594758,15.754771969036108,15.983289059727642,17.720752921743394,19.476095787608052
2022-11-17,1742,84000,1264300,15.6,15.6,14.85,15.1,-0.6,50,15.576027105729839,15.635722520120453,15.9064813154035,17.642521491243592,19.44306864958837
2022-11-18,1742,88000,1325250,15.2,15.2,14.85,15.05,-0.05,38,15.400684737153226,15.52922751646219,15.832004679281457,17.56513279001244,19.409913414497137
2022-11-21,1742,65000,967400,14.8,15.0,14.8,14.8,-0.25,29,15.200456491435483,15.396640695287246,15.742265141952634,17.482591512698637,19.37512161514244
2022-11-22,1742,137000,2038300,14.8,15.0,14.8,14.8,0.0,17,15.066970994290322,15.288160568871383,15.660329042652405,17.40251415411062,19.340592395405515
2022-11-23,1742,31000,466750,15.0,15.3,15.0,15.0,0.2,22,15.044647329526882,15.235767738167496,15.602909125900021,17.330797313689406,19.307833207515664
2022-11-24,1742,16000,242050,15.35,15.35,15.05,15.05,0.05,8,15.046431553017921,15.201991785773407,15.554830071473933,17.26271381178823,19.275698617270262
2022-11-25,1742,56000,830450,15.35,15.35,14.6,14.6,-0.45,33,14.897621035345281,15.092538733814605,15.471801369606634,17.18322981740649,19.240410325819166
2022-11-28,1742,26000,377900,14.6,14.7,14.2,14.65,0.05,18,14.815080690230188,15.012077145848313,15.400340380945188,17.107611016886896,19.20576571958657
2022-11-29,1742,25000,361450,14.3,14.65,14.25,14.65,0.0,18,14.760053793486792,14.946244937512256,15.33509339129778,17.03424949399475,19.171382582080255
2022-11-30,1742,21000,310300,14.7,14.9,14.7,14.75,0.1,13,14.756702528991195,14.910564039782756,15.284215705097974,16.966062941935206,19.13801365693248
2022-12-01,1742,29000,428650,14.85,14.9,14.6,14.9,0.15,24,14.804468352660797,14.9086433052768,15.250805643785107,16.904389421280424,19.106028648200912
2022-12-02,1742,42000,636500,14.9,15.35,14.9,15.35,0.45,33,14.986312235107198,14.988889977044655,15.259431239977706,16.857989737063097,19.077681262176753
2022-12-05,1742,29000,444400,15.3,15.5,15.15,15.35,0.0,18,15.107541490071466,15.054546344854717,15.26730678432747,16.81297511804629,19.049547818688627
2022-12-06,1742,27000,411350,15.3,15.3,15.2,15.2,-0.15,18,15.138360993380976,15.080992463972041,15.261454020472907,16.76482660705983,19.020494627604183
2022-12-07,1742,43000,654200,15.3,15.3,15.1,15.1,-0.1,18,15.125573995587317,15.08444837961349,15.247414540431786,16.71513029043118,18.990905988905283
2022-12-08,1742,29000,437200,15.1,15.2,15.05,15.2,0.1,10,15.150382663724878,15.10545776513831,15.243291536915978,16.66990252056756,18.962295377668262
2022-12-09,1742,24000,361800,15.1,15.15,15.0,15.1,-0.1,17,15.133588442483251,15.104465444204072,15.23083140327111,16.623039758759575,18.933145978591522
2022-12-12,1742,8000,119800,15.0,15.05,14.9,15.05,-0.05,7,15.105725628322167,15.094562636166968,15.215106933421447,16.576083348050332,18.903839216488944
2022-12-13,1742,7000,105350,15.05,15.05,15.05,15.05,0.0,6,15.087150418881444,15.086460338682064,15.200749808776104,16.53052862124286,18.874753637496575
2022-12-14,1742,165000,2447850,14.6,15.3,14.6,14.75,-0.3,48,14.974766945920964,15.025285731648962,15.161554173230355,16.477378513146057,18.843623421364526
2022-12-15,1742,19000,283000,14.65,15.05,14.65,14.95,0.2,15,14.966511297280642,15.011597416803696,15.143158158166846,16.431785124693935,18.814237584222152
2022-12-16,1742,38000,561800,14.6,14.8,14.6,14.8,-0.15,12,14.911007531520427,14.973125159203024,15.11331831832625,16.38307512097173,18.78394145151104
2022-12-19,1742,8000,117700,15.0,15.0,14.65,14.65,-0.15,7,14.824005021013619,14.914375130257019,15.073029768906576,16.33134153527108,18.75274189338643
2022-12-20,1742,45000,660450,14.8,14.8,14.6,14.7,0.05,20,14.78267001400908,14.875397833846652,15.040592397697308,16.28264477302418,18.722155162115588
2022-12-21,1742,5000,73500,14.7,14.7,14.7,14.7,0.0,3,14.75511334267272,14.843507318601805,15.010975667462759,16.23540164547122,18.69179927409962
2022-12-22,1742,7000,103600,14.8,14.8,14.8,14.8,0.1,7,14.770075561781814,14.83559689703784,14.992629957248607,16.192553835158648,18.662427204106415
2022-12-23,1742,89000,1316200,14.75,14.95,14.7,14.85,0.05,12,14.796717041187875,14.83821564303096,14.980227352270466,16.152477601273315,18.633654168603723
2022-12-26,1742,4000,59350,14.85,14.85,14.8,14.8,-0.05,3,14.797811360791917,14.831267344298059,14.964555408594773,16.112105135563663,18.60472092959539
2022-12-27,1742,14000,208500,14.95,14.95,14.7,14.7,-0.1,10,14.765207573861277,14.807400554425685,14.941550590456098,16.069952743457286,18.575251337673915
2022-12-28,1742,10000,147800,14.8,14.85,14.7,14.85,0.15,9,14.793471715907518,14.81514590816647,14.933589669546873,16.03353624365259,18.54713623323864
2022-12-29,1742,40000,588900,14.9,14.9,14.7,14.75,-0.1,10,14.778981143938346,14.803301197590748,14.91762535045584,15.995221728916693,18.51847860128967
2022-12-30,1742,74000,1082750,14.55,14.9,14.55,14.65,-0.1,26,14.73598742929223,14.77542825257425,14.894353580850984,15.955065856411718,18.489282536374276
2023-01-03,1742,9000,130800,14.45,14.6,14.45,14.6,-0.05,4,14.69065828619482,14.743532206651658,14.868757617298725,15.914616129354652,18.459929460628054
2023-01-04,1742,28000,406400,14.45,14.6,14.45,14.6,0.0,15,14.660438857463213,14.717435441805902,14.84538738970753,15.875373856836603,18.430797917528974
2023-01-05,1742,29000,424700,14.9,14.9,14.55,14.6,0.0,16,14.640292571642142,14.696083543295739,14.82404935581992,15.837302995438495,18.40188623513253
2023-01-06,1742,21000,304500,14.45,14.55,14.45,14.45,-0.15,14,14.576861714428095,14.651341080878332,14.791523324879057,15.795890965723913,18.372060678640963
2023-01-09,1742,44000,640850,14.7,14.7,14.45,14.55,0.1,19,14.56790780961873,14.632915429809545,14.770521296628704,15.758700190627676,18.343214937670087
2023-01-10,1742,25000,362700,14.35,14.65,14.35,14.6,0.05,12,14.578605206412487,14.62693080620781,14.755693357791426,15.724112125235806,18.31496425889522
2023-01-11,1742,72000,1042100,14.55,14.6,14.3,14.6,0.0,35,14.58573680427499,14.622034295988207,14.742154804939997,15.69055653940787,18.28692679279035
2023-01-12,1742,19000,274600,14.65,14.65,14.35,14.4,-0.2,8,14.523824536183326,14.581664423990352,14.712402213206085,15.65203246360465,18.257591496240988
2023-01-13,1742,12000,173300,14.5,14.55,14.35,14.55,0.15,6,14.532549690788885,14.575907255992107,14.698280281622948,15.619135972153765,18.22960967362785
2023-01-16,1742,43000,622400,14.7,14.7,14.4,14.5,-0.05,19,14.521699793859257,14.562105936720814,14.681038518003561,15.585728928208876,18.201461676091036
2023-01-17,1742,35000,503700,14.4,14.5,14.3,14.5,0.0,16,14.514466529239504,14.55081394822612,14.665296038177164,15.553319109456373,18.173526116271482
2023-01-30,1742,70000,1008250,14.35,14.5,14.3,14.4,-0.1,24,14.476311019493004,14.523393230366825,14.642226817466106,15.518891673353197,18.145046673884526
2023-01-31,1742,61000,878900,14.35,14.5,14.3,14.4,0.0,18,14.450874012995335,14.500958097572857,14.621163615947314,15.485491921909817,18.116782170685397
2023-02-01,1742,51000,738600,14.5,14.5,14.45,14.5,0.1,21,14.46724934199689,14.500783898014156,14.610627649343199,15.456074252599077,18.08948570147268
2023-02-02,1742,104000,1512650,14.45,14.65,14.4,14.55,0.05,36,14.494832894664594,14.5097322801934,14.605355679835094,15.42902725998418,18.062772601838923
2023-02-03,1742,63000,919050,14.6,14.7,14.5,14.7,0.15,25,14.563221929776395,14.544326411067328,14.613585620718998,15.407265252223457,18.037393185975986
2023-02-06,1742,33000,483400,14.65,14.7,14.6,14.6,-0.1,17,14.575481286517597,14.554448881782358,14.612404262395607,15.383167782007831,18.011450595893148
2023-02-07,1742,26000,376300,14.55,14.65,14.3,14.65,0.05,15,14.600320857678398,14.571821812367384,14.615673456969903,15.361282176574761,17.986081157433578
2023-02-08,1742,25000,363250,14.55,14.6,14.5,14.6,-0.05,17,14.600213905118931,14.576945119209677,14.614310547668172,15.338557335482978,17.960525827943513
2023-02-09,1742,127000,1903700,15.05,15.1,14.85,14.9,0.3,68,14.70014260341262,14.635682370262463,14.639153108740505,15.325466071737218,17.93742751980809
2023-02-10,1742,26000,387300,14.9,14.9,14.85,14.9,0.0,10,14.766761735608414,14.683740121123833,14.661835447110896,15.312765591983867,17.914503538526517
2023-02-13,1742,25000,365200,14.8,14.8,14.55,14.55,-0.35,21,14.694507823738943,14.659423735464955,14.652110625622992,15.289996469835096,17.88911105899047
2023-02-14,1742,54000,790200,14.6,14.65,14.6,14.65,0.1,22,14.679671882492629,14.657710329016782,14.651927092960124,15.270892097601212,17.86466493779054
2023-02-15,1742,6000,88500,14.65,14.85,14.65,14.85,0.2,6,14.736447921661753,14.692672087377368,14.669150824007069,15.258328154389236,17.8419127495808
2023-02-16,1742,69000,1027400,14.8,15.05,14.8,14.85,0.0,22,14.774298614441168,14.721277162399664,14.684876839310801,15.246139254258214,17.81933227599906
2023-02-17,1742,22000,325200,14.9,14.9,14.65,14.65,-0.2,16,14.73286574296078,14.708317678326997,14.68184407067508,15.228344052638565,17.795412787123595
2023-02-20,1742,18000,266200,14.8,14.9,14.7,14.75,0.1,15,14.738577161973852,14.715896282267543,14.687770673225073,15.21406512569413,17.772428539673605
2023-02-21,1742,72000,1074050,14.95,14.95,14.8,14.95,0.2,26,14.809051441315901,14.758460594582536,14.710573223379415,15.206182584628634,17.751127192204372
2023-02-22,1742,71000,1057250,14.9,14.95,14.8,14.8,-0.15,15,14.806034294210601,14.766013213749348,14.718349464824684,15.194057731356137,17.72885453415
2023-02-23,1742,194000,2845550,14.8,14.85,14.6,14.65,-0.15,84,14.754022862807068,14.744919902158557,14.712406033100798,15.177817202061924,17.705617896156415
2023-02-24,1742,38000,555750,14.7,14.7,14.6,14.6,-0.05,26,14.702681908538045,14.71857082903882,14.70263159543986,15.160568927373507,17.682179270525047
2023-03-01,1742,30000,441850,14.65,14.8,14.65,14.75,0.15,19,14.71845460569203,14.724285223759034,14.706750587140741,15.148313138496686,17.66004961565316
2023-03-02,1742,85000,1262000,14.8,14.95,14.75,14.85,0.1,48,14.762303070461353,14.747142455802846,14.719207057824155,15.139408268690815,17.63884169402559
2023-03-03,1742,925000,14803750,14.85,16.3,14.85,15.7,0.85,515,15.074868713640901,14.92038928202051,14.804493400622055,15.156142350222432,17.62420892652351
2023-03-06,1742,652000,10410900,15.7,16.3,15.7,15.9,0.2,299,15.3499124757606,15.098500321653145,14.899754844046225,15.178347056185942,17.611196028964844
2023-03-07,1742,213000,3359150,15.95,15.95,15.65,15.75,-0.15,62,15.483274983840401,15.2169548086253,14.973689205433509,15.195411323165466,17.59714926648209
2023-03-08,1742,178000,2764150,15.6,15.75,15.45,15.5,-0.25,94,15.488849989226933,15.268417570693426,15.019455361482768,15.20450352247396,17.581321724848266
2023-03-09,1742,38000,587050,15.5,15.5,15.4,15.5,0.0,29,15.492566659484622,15.310523466930984,15.061241851788614,15.213324312847872,17.565613636358844
2023-03-10,1742,106000,1619350,15.4,15.45,15.15,15.2,-0.3,56,15.395044439656415,15.29042829112535,15.07330777772004,15.212926572165847,17.54775994853727
2023-03-13,1742,95000,1449350,15.2,15.55,14.95,15.35,0.15,57,15.38002962643761,15.30125951092074,15.097367970961775,15.2170183162803,17.53117308100114
2023-03-14,1742,117000,1797450,15.3,15.6,15.25,15.3,-0.05,65,15.35335308429174,15.30103050893515,15.114988147399881,15.219495381465961,17.514334038880374
2023-03-15,1742,117000,1801950,15.5,15.55,15.3,15.35,0.05,51,15.352235389527827,15.309934052765124,15.135423960669456,15.223391041720708,17.497999442360523
2023-03-16,1742,51000,782750,15.35,15.4,15.25,15.25,-0.1,33,15.318156926351884,15.299036952262375,15.145387094524287,15.224185338982776,17.481033408833273
2023-03-17,1742,14000,215950,15.35,15.45,15.35,15.45,0.2,8,15.362104617567923,15.326484779123762,15.171875173261306,15.230926075132544,17.465704854804343
2023-03-20,1742,14000,216250,15.5,15.5,15.35,15.5,0.05,12,15.408069745045282,15.35803300110126,15.200407766890757,15.238958132591273,17.4508693464662
2023-03-21,1742,30000,465000,15.45,15.55,15.35,15.55,0.05,15,15.455379830030187,15.392936091810123,15.230807091508952,15.24824296445422,17.436523162719283
2023-03-22,1742,182000,2791250,15.35,15.5,15.15,15.15,-0.4,75,15.353586553353459,15.348765893299191,15.223780387899478,15.245310338649617,17.419266384132722
2023-03-23,1742,30000,456500,15.15,15.25,15.15,15.25,0.1,16,15.31905770223564,15.330808458153884,15.226060354169087,15.245450328540674,17.402894562365685
2023-03-24,1742,94000,1427850,15.2,15.25,15.15,15.15,-0.1,31,15.26270513482376,15.297934193034996,15.219446410328297,15.242601065002146,17.38589158453651
2023-03-27,1742,385000,5817350,15.05,15.2,15.05,15.1,-0.05,92,15.208470089882507,15.261946157937723,15.209059765951924,15.238344316793127,17.36863957257774
2023-03-28,1742,187000,2793050,15.1,15.1,14.8,14.95,-0.15,81,15.122313393255004,15.205228674676318,15.186532829782191,15.229737023754526,17.350385689011116
2023-03-29,1742,280000,4154650,14.9,14.95,14.7,14.7,-0.25,104,14.981542262170002,15.11336891564426,15.144225627192435,15.213923978269316,17.330382778150653
2023-03-30,1742,22000,327800,14.8,14.95,14.8,14.95,0.25,17,14.97102817478,15.083665476436213,15.12733644221918,15.206045650559783,17.312417625108008
2023-03-31,1742,69000,1029100,14.95,15.0,14.9,15.0,0.05,24,14.980685449853334,15.068453571629629,15.116263708113165,15.199895034125163,17.294965416616627
2023-04-06,1742,215000,3235800,15.05,15.1,15.0,15.0,0.0,25,14.987123633235557,15.056007467696968,15.10615382045115,15.193928018181127,17.277644922906312
2023-04-07,1742,186000,2773350,14.9,15.0,14.9,15.0,0.0,70,14.99141575549037,15.045824291752066,15.096923053455397,15.188139122116018,17.260455149903244
2023-04-10,1742,13000,194550,15.0,15.0,14.95,14.95,-0.05,9,14.977610503660246,15.02840169325169,15.084147135763622,15.181030491605092,17.243017752545484
2023-04-11,1742,46000,684350,14.9,14.95,14.85,14.9,-0.05,23,14.951740335773497,15.00505593084229,15.068134341349394,15.172641521706433,17.225334599696083
2023-04-12,1742,29000,436900,15.2,15.2,14.95,15.05,0.15,21,14.984493557182331,15.013227579780056,15.06655744210162,15.168980580759973,17.208916980075735
2023-04-13,1742,39000,582950,15.0,15.0,14.9,14.9,-0.15,26,14.956329038121554,14.992640747092773,15.052074186266697,15.16095130969251,17.191491191546863
2023-04-14,1742,17000,253600,14.95,14.95,14.9,14.9,0.0,14,14.937552692081036,14.975796974894088,15.038850343982636,15.153161718358406,17.174196918403112
2023-04-17,1742,161000,2380650,14.85,14.9,14.75,14.8,-0.1,63,14.89170179472069,14.943833888549708,15.018080748853711,15.142619577511887,17.15627845109441
2023-04-18,1742,41000,604500,14.75,14.8,14.7,14.75,-0.05,19,14.844467863147127,14.908591363358852,14.99476937938817,15.130899590123473,17.138117859010677
2023-04-19,1742,54000,798450,14.8,14.9,14.75,14.8,0.05,27,14.829645242098085,14.888847479111789,14.977832911615286,15.121021990418296,17.120471686489843
2023-04-20,1742,50000,737550,14.8,14.85,14.7,14.7,-0.1,22,14.786430161398723,14.854511573818735,14.953673527996566,15.108454169808795,17.10220397564841
2023-04-21,1742,77000,1134250,14.75,14.85,14.65,14.65,-0.05,27,14.740953440932483,14.817327651306238,14.927267134257734,15.094768970710025,17.0836967758322
2023-04-24,1742,24000,353100,14.65,14.8,14.65,14.8,0.15,14,14.760635627288321,14.81417716925056,14.916200426930974,15.085969896957486,17.066461328467426
2023-04-25,1742,66000,964600,14.7,14.7,14.5,14.7,-0.1,36,14.740423751525547,14.793417683932276,14.897400389806542,15.07444840749607,17.048601242969557
2023-04-26,1742,17000,249000,14.6,14.7,14.6,14.7,0.0,9,14.726949167683697,14.776432650490044,14.880235138519016,15.063270843093202,17.030875950569786
2023-04-27,1742,30000,443150,14.8,14.9,14.65,14.65,-0.05,16,14.701299445122466,14.753444895855491,14.860214691691276,15.050934400015793,17.012907075471148
2023-04-28,1742,59000,885000,15.3,15.3,14.75,14.8,0.15,39,14.734199630081644,14.761909460245402,14.854978631544208,15.043443820910843,16.996205889995895
2023-05-02,1742,8000,118850,14.85,14.9,14.8,14.8,0.0,6,14.756133086721096,14.768835012928056,14.850197880975147,15.036176841182161,16.979630751203473
2023-05-03,1742,19000,278400,14.8,14.8,14.55,14.65,-0.15,11,14.720755391147398,14.747228646941137,14.832789369586003,15.024649174281201,16.962048632326464
2023-05-04,1742,22000,323250,14.7,14.75,14.65,14.7,0.05,14,14.713836927431599,14.738641620224566,14.821242467882872,15.014958154153405,16.94497656717683
2023-05-05,1742,21000,307900,14.7,14.75,14.6,14.6,-0.1,14,14.6758912849544,14.713434052911008,14.802003992414797,15.00257134358166,16.92727863082078
2023-05-08,1742,16000,234700,14.7,14.7,14.6,14.6,0.0,13,14.650594189969599,14.692809679654461,14.784438427856989,14.990554288549372,16.909714263795717
2023-05-09,1742,11000,161450,14.6,14.75,14.6,14.7,0.1,6,14.667062793313066,14.694117010626377,14.777095955869424,14.981881026204615,16.893037175012353
2023-05-10,1742,1216000,18803850,14.8,16.15,14.7,15.15,0.45,500,14.82804186220871,14.777004826876126,14.809522394489473,14.986899503034328,16.87988217746509
2023-05-11,1742,2191000,34625000,15.6,16.35,15.4,16.2,1.05,1022,15.285361241472474,15.035731221989558,14.930433490620823,15.023111458167632,16.87475099122007
2023-05-12,1742,5519000,97402950,16.35,17.8,16.35,17.6,1.4,1941,16.056907494314984,15.501961908900547,15.162569708827707,15.10003350419248,16.880224568644824
2023-05-15,1742,1582000,27622300,17.2,17.9,17.05,17.2,-0.4,909,16.43793832954332,15.810696107282267,15.339737560233994,15.16271907123151,16.88263796812675
2023-05-16,1742,1221000,20925200,17.2,17.7,16.6,17.7,0.5,680,16.85862555302888,16.154205905958218,15.54497777238756,15.23845880044848,16.888806738178626
2023-05-17,1742,1158000,20478200,17.8,18.3,17.25,17.4,-0.3,663,17.03908370201925,16.380713923056724,15.706284053049512,15.302982418345541,16.892664800531996
2023-05-18,1742,383000,6559400,17.4,17.4,16.9,16.9,-0.5,250,16.992722468012833,16.475129573410047,15.810085439740858,15.350654584962092,16.892720160527983
2023-05-19,1742,528000,8773400,17.1,17.1,16.3,16.35,-0.55,319,16.778481645341888,16.45237874188095,15.857034531937305,15.380485791381133,16.88862415931645
2023-05-22,1742,456000,7746300,16.6,17.45,16.6,17.1,0.75,341,16.885654430227927,16.57012806153896,15.965118485681888,15.431814573727966,16.8902194486801
2023-05-23,1742,670000,11064700,17.0,17.05,16.35,16.45,-0.65,362,16.740436286818618,16.5482865958046,16.007282095622593,15.462208168542057,16.886897037746664
2023-05-24,1742,352000,5839750,16.55,17.0,16.45,16.55,0.1,215,16.676957524545745,16.54859812384013,16.054474956872802,15.494679566496025,16.88435441859386
2023-05-25,1742,247000,4079300,16.6,16.85,16.45,16.45,-0.1,142,16.60130501636383,16.530671192232834,16.088868438883864,15.523196594361815,16.881076272038435
2023-05-26,1742,422000,7052400,16.45,17.2,16.45,16.6,0.15,260,16.600870010909222,16.54327643000868,16.133314661589615,15.555339979604746,16.87895494168343
2023-05-29,1742,202000,3360000,16.9,16.9,16.5,16.55,-0.05,113,16.58391334060615,16.54449889727983,16.169548169277476,15.585031323497141,16.87647226287827
2023-05-30,1742,179000,2972350,16.55,16.9,16.5,16.65,0.1,123,16.605942227070766,16.563680915956223,16.211326589340306,15.616821433243494,16.874763038252773
2023-05-31,1742,77000,1282800,16.65,16.75,16.6,16.7,0.05,55,16.637294818047177,16.58846620396418,16.25381992939767,15.649155121803389,16.873444071926336
2023-06-01,1742,161000,2657650,16.55,16.7,16.3,16.55,-0.15,90,16.608196545364784,16.581472348697968,16.2795747181457,15.676046013689856,16.871002984591044
2023-06-02,1742,159000,2628450,16.55,16.65,16.45,16.45,-0.1,75,16.555464363576522,16.557568285298338,16.29439430787216,15.699149117758814,16.867825603575263
2023-06-05,1742,122000,2010450,16.7,16.7,16.4,16.45,0.0,65,16.520309575717683,16.538010415244095,16.307925237622406,15.721562576930193,16.864672202793564
2023-06-06,1742,130000,2134000,16.4,16.5,16.3,16.5,0.05,67,16.51353971714512,16.53109943065426,16.32462739087263,15.744799514932277,16.861919959753614
2023-06-07,1742,110000,1806400,16.6,16.6,16.3,16.4,-0.1,66,16.475693144763415,16.507263170535303,16.33118153079675,15.764357738367135,16.858433771378113
2023-06-08,1742,132000,2153200,16.4,16.4,16.25,16.3,-0.1,69,16.41712876317561,16.469578957710702,16.328470093336165,15.780347059609907,16.854219176877145
2023-06-09,1742,65000,1064250,16.3,16.45,16.3,16.45,0.15,39,16.428085842117074,16.466019147217846,16.33903791130693,15.800336699621552,16.85116846610826
2023-06-12,1742,1292000,23264050,17.5,18.05,17.5,18.05,1.6,323,16.968723894744716,16.75401566590551,16.4878172233672,15.867490827991057,16.860216251269705
2023-06-13,1742,1987000,38775750,19.3,19.85,19.0,19.85,1.8,592,17.929149263163144,17.316921908468146,16.7801809430744,15.986371698797294,16.8827806569205
2023-06-14,1742,3988000,80802050,21.15,21.25,19.4,19.4,-0.45,2049,18.419432842108762,17.695663379655755,17.007991295850537,16.088271051072002,16.90177853875506
2023-06-15,1742,1387000,26782000,19.25,20.2,18.4,18.75,-0.65,880,18.529621894739176,17.887360946991073,17.159470313602665,16.167725646562392,16.915727379972004
2023-06-16,1742,969000,18794750,19.15,19.85,18.55,19.55,0.8,660,18.86974792982612,18.18965895662906,17.36734246024591,16.26868906009784,16.93560868276467
2023-06-19,1742,809000,15283850,19.45,19.45,18.6,18.75,-0.8,442,18.82983195321741,18.291539146332866,17.48757355065931,16.342758043378502,16.949302202140032
2023-06-20,1742,629000,11870500,18.85,19.4,18.6,18.85,0.1,399,18.836554635478276,18.393077483363253,17.60604541581937,16.41760108685974,16.963647091180484
2023-06-21,1742,459000,8750250,19.05,19.5,18.65,19.5,0.65,267,19.05770309031885,18.594336122751752,17.770737118791597,16.509612994714672,16.98278937728478
2023-06-26,1742,473000,9318450,19.65,20.0,19.3,19.95,0.45,281,19.3551353935459,18.840820464069616,17.960238238896675,16.61231111427543,17.005183419720368
2023-06-27,1742,784000,15763350,20.5,20.5,19.85,20.05,0.1,379,19.5867569290306,19.06067128878423,18.14195665290566,16.714928692953773,17.028163167496064
2023-06-28,1742,304000,6016350,20.15,20.25,19.55,19.6,-0.45,204,19.5911712860204,19.158731054459825,18.268743030913864,16.801050224507392,17.047573256797982
2023-06-29,1742,217000,4226800,19.8,19.8,19.2,19.45,-0.15,132,19.54411419068027,19.21168904455804,18.371461028225703,16.88012335213404,17.065704779388184
2023-06-30,1742,208000,4014800,19.5,19.5,19.2,19.25,-0.2,121,19.44607612712018,19.218654672820215,18.44785572142347,16.9508659386375,17.0821900263362
2023-07-03,1742,252000,4838200,19.3,19.45,19.05,19.25,0.0,137,19.38071741808012,19.22435382321654,18.51760739782143,17.019496806140857,17.098550856326113
2023-07-04,1742,252000,4811200,19.4,19.45,18.9,19.05,-0.2,139,19.27047827872008,19.19265312808626,18.56390240670652,17.080108841778443,17.113278774391578
2023-07-05,1742,280000,5277350,18.95,19.15,18.75,18.8,-0.25,147,19.113652185813386,19.121261650252393,18.5844326322103,17.13144887635222,17.126008745905605
2023-07-06,1742,187000,3534250,19.0,19.0,18.65,18.8,0.0,90,19.009101457208924,19.062850441115593,18.603177620713755,17.181256372580513,17.13864264216292
2023-07-07,1742,190000,3497400,18.9,18.9,18.2,18.35,-0.45,116,18.789400971472617,18.933241270003666,18.581162175434297,17.216144242055723,17.14778496184471
2023-07-10,1742,193000,3506900,18.15,18.4,17.95,18.05,-0.3,115,18.542933980981744,18.77265194818482,18.53497416017914,17.241035458710776,17.154594131943995
2023-07-11,1742,1022000,17212650,17.15,17.55,16.3,16.4,-1.65,485,17.82862265398783,18.34126068487849,18.34932423320704,17.215929922629858,17.14889908189159
2023-07-12,1742,271000,4544500,16.45,17.0,16.45,16.85,0.45,169,17.502415102658553,18.070122378536944,18.218948212928165,17.205006641357325,17.146643239764106
2023-07-13,1742,184000,3087650,17.0,17.0,16.6,16.8,-0.05,100,17.2682767351057,17.839191036984772,18.095561411803978,17.192916890869046,17.14402706436966
2023-07-14,1742,210000,3488450,16.8,16.9,16.5,16.55,-0.25,105,17.028851156737133,17.604792666623904,17.961164767299284,17.17372534188788,17.13954384124234
2023-07-17,1742,91000,1515800,16.55,16.85,16.55,16.65,0.1,59,16.902567437824754,17.43119399996501,17.84715043970804,17.15809174959272,17.135849170742397
2023-07-18,1742,162000,2719750,16.85,17.0,16.65,16.85,0.2,87,16.885044958549837,17.325522363607735,17.760441705820387,17.148894980948164,17.13369181851038
2023-07-19,1742,133000,2263400,17.0,17.25,16.75,16.75,-0.1,85,16.84002997236656,17.220881933860873,17.672577209662094,17.13698766808404,17.130796031200866
2023-07-20,1742,66000,1110850,16.8,17.0,16.7,16.8,0.05,49,16.826686648244372,17.14435794588617,17.596700930561042,17.126928334708396,17.128299457380482
2023-07-21,1742,74000,1244500,17.0,17.0,16.7,16.75,-0.05,44,16.801124432162915,17.072656501179594,17.523074762686168,17.11567674262755,17.1254443671361
2023-07-24,1742,141000,2356700,16.65,16.8,16.65,16.8,0.05,57,16.800749621441945,17.023082591874214,17.46019869636563,17.106253556280457,17.122988183233186
2023-07-25,1742,70000,1184950,16.75,17.1,16.75,17.1,0.3,47,16.900499747627965,17.03706757516981,17.428877070594705,17.106066882958654,17.122814687510672
2023-07-26,1742,113000,1909050,17.0,17.05,16.75,16.85,-0.25,64,16.883666498418645,17.0030552887753,17.37853993402125,17.09842309540765,17.120755708737008
2023-07-27,1742,106000,1796900,16.85,17.2,16.75,17.2,0.35,72,16.989110998945762,17.038863418088884,17.36301472236723,17.10145524181339,17.121353778859746
2023-07-28,1742,63000,1077150,17.2,17.25,16.9,17.1,-0.1,42,17.026073999297175,17.04997916025454,17.34014387694399,17.10141180175926,17.121192618264576
2023-07-31,1742,108000,1832500,17.1,17.2,16.8,16.95,-0.15,61,17.00071599953145,17.03180113111735,17.30621832242712,17.096892046482864,17.11990059850409
2023-08-01,1742,654000,12001500,16.95,18.6,16.95,18.6,1.65,340,17.533810666354302,17.316928198186925,17.418721076998676,17.141760940617704,17.131071160024813
2023-08-02,1742,5405000,107917400,19.35,20.4,19.05,19.65,1.05,3025,18.239207110902868,17.741123071243848,17.612745331172704,17.216633748360458,17.15008194372274
2023-08-04,1742,1618000,29367600,18.7,18.7,17.75,18.05,-1.6,883,18.176138073935245,17.797282512835874,17.65076747628812,17.241510352887012,17.156873778109738
2023-08-07,1742,458000,8127500,18.1,18.3,17.4,17.55,-0.5,271,17.967425382623496,17.752322055956625,17.642005087045675,17.250718999069488,17.159840768463628
2023-08-08,1742,320000,5572400,17.9,17.9,17.3,17.35,-0.2,180,17.761616921749,17.67917259123724,17.616613340346053,17.25368261103756,17.161275932475224
2023-08-09,1742,140000,2410650,17.4,17.5,17.1,17.3,-0.05,96,17.60774461449933,17.610232120103195,17.589081745533353,17.255065219663305,17.162322906569752
2023-08-10,1742,196000,3326750,17.25,17.25,16.65,16.65,-0.65,127,17.28849640966622,17.435644461902612,17.507422463313063,17.237003571315146,17.15845631859564
2023-08-11,1742,109000,1830100,16.7,16.95,16.6,16.85,0.2,78,17.14233093977748,17.32916365064759,17.45025529259019,17.225451225902752,17.156128346379823
2023-08-14,1742,276000,4512300,16.85,16.85,15.7,16.25,-0.6,140,16.844887293184986,17.132952077802575,17.345885267147565,17.19633327886088,17.149289641878845
2023-08-15,1742,170000,2754900,16.15,16.4,16.0,16.25,0.0,101,16.64659152878999,16.972415336383925,17.250590896091257,17.168084524268018,17.142502550242025
2023-08-16,1742,161000,2656600,16.25,16.7,16.2,16.5,0.25,47,16.597727685859994,16.886521638859573,17.185322122518105,17.148141702648076,17.13765347439114
2023-08-17,1742,85000,1405800,16.3,16.65,16.3,16.6,0.1,59,16.598485123906663,16.83442679543056,17.134424546646965,17.131779263763057,17.133595712320265
2023-08-18,1742,144000,2431800,16.6,17.25,16.55,16.55,-0.05,95,16.582323415937775,16.782712832625002,17.08360502085158,17.1144127185761,17.129191216378224
2023-08-21,1742,38000,632000,16.6,16.7,16.55,16.55,0.0,25,16.57154894395852,16.740401408511364,17.03720458425579,17.097564577723084,17.12481996191499
2023-08-22,1742,82000,1344200,16.5,16.5,16.35,16.4,-0.15,56,16.514365962639012,16.67851024332748,16.981795489972676,17.07674175450747,17.119349622579783
2023-08-23,1742,34000,558900,16.3,16.5,16.3,16.4,0.0,21,16.476243975092675,16.627872017267936,16.93120457780114,17.056540508104263,17.113920568824465
2023-08-24,1742,103000,1696250,16.55,16.55,16.35,16.35,-0.05,65,16.434162650061783,16.57734983231013,16.88066504929669,17.035449746668316,17.108155130569187
2023-08-25,1742,75000,1244150,16.45,16.7,16.45,16.55,0.2,49,16.47277510004119,16.57237713552647,16.851911566749152,17.020958709454337,17.10394263901772
2023-08-28,1742,77000,1268000,16.55,16.6,16.35,16.5,-0.05,52,16.481850066694125,16.55921765633984,16.821310560944877,17.005407703201968,17.099384581364756
2023-08-29,1742,26000,428750,16.45,16.55,16.4,16.5,0.0,19,16.48790004446275,16.548450809732596,16.793370512167062,16.990320906091462,17.094860924146907
2023-08-30,1742,93000,1556400,16.5,16.8,16.45,16.65,0.15,42,16.54193336297517,16.566914298872124,16.780903511109056,16.980162073073807,17.091503483209948
2023-08-31,1742,16000,266550,16.6,16.75,16.6,16.7,0.05,13,16.594622241983444,16.591111699077192,16.773868423186528,16.97179902611638,17.08854873994044
2023-09-01,1742,126000,2129450,16.7,17.1,16.7,17.05,0.35,71,16.746414827988964,16.674545935608613,16.797879864648568,16.97413338354574,17.088257806054095
2023-09-04,1742,46000,769750,16.8,16.85,16.65,16.65,-0.4,43,16.714276551992644,16.67008303822523,16.785020745983473,16.964457760156314,17.084950199970667
2023-09-05,1742,35000,584550,16.7,16.95,16.6,16.8,0.15,23,16.74285103466176,16.69370430400246,16.786323289810998,16.959548573285975,17.08279963242372
2023-09-06,1742,29000,483950,16.8,16.8,16.65,16.65,-0.15,25,16.711900689774506,16.685758066911102,16.774469090696996,16.95030831736699,17.07953322010354
2023-09-07,1742,39000,648750,16.65,16.65,16.6,16.6,-0.05,25,16.67460045984967,16.670165691109084,16.759297865418997,16.939851352669468,17.075914101461247
2023-09-08,1742,41000,683900,16.6,16.9,16.6,16.65,0.05,31,16.666400306566448,16.666499201816524,16.74979370320865,16.931199073485306,17.07269965541248
2023-09-11,1742,37000,612300,16.6,16.6,16.5,16.5,-0.15,28,16.610933537710967,16.636226619668065,16.72807251162529,16.918327459351417,17.0683773938622
2023-09-12,1742,44000,725400,16.3,16.8,16.25,16.65,0.15,33,16.62395569180731,16.638730870637506,16.721283597570917,16.910317684445406,17.065219828625505
2023-09-13,1742,219000,3731200,16.65,17.3,16.65,17.2,0.55,151,16.815970461204873,16.74077980324887,16.76291111082562,16.918964917745544,17.066237037466067
2023-09-14,1742,72000,1223800,17.35,17.35,16.95,17.05,-0.15,45,16.893980307469917,16.79700165720362,16.787875362058173,16.922876412738216,17.066114493787076
2023-09-15,1742,99000,1687550,17.05,17.2,16.9,17.0,-0.05,31,16.929320204979945,16.83391044680296,16.806320982748765,16.925178609372896,17.065615516475475
2023-09-18,1742,13000,221150,17.0,17.15,16.95,17.0,0.0,12,16.952880136653295,16.86410854738424,16.823162636422786,16.927412083719975,17.065120305030376
2023-09-19,1742,70000,1193450,17.1,17.2,17.0,17.1,0.1,25,17.001920091102196,16.906997902405287,16.84723545064689,16.932563961817888,17.06538354801128
2023-09-20,1742,44000,750100,17.25,17.25,17.0,17.0,-0.1,28,17.001280060734796,16.923907374695236,16.860519324503684,16.934576977883026,17.06489008727157
2023-09-21,1742,71000,1193500,16.95,16.95,16.7,16.7,-0.3,35,16.900853373823196,16.883196942932464,16.84656112237293,16.92757468003577,17.062136199820465
2023-09-22,1742,35000,588800,16.7,17.2,16.6,16.75,0.05,20,16.850568915882132,16.858979316944744,16.838164503036154,16.922273943318284,17.059780454916158
2023-09-25,1742,51000,859800,16.8,16.95,16.75,16.95,0.2,25,16.883712610588088,16.8755285320457,16.847889328859097,16.92310158680132,17.058951923180942
2023-09-26,1742,10000,167300,16.75,16.8,16.65,16.65,-0.3,8,16.805808407058723,16.834523344401028,16.83068156113222,16.914949300628145,17.05586549357203
2023-09-27,1742,16000,267150,16.7,16.7,16.65,16.7,0.05,14,16.77053893803915,16.810064554509932,16.819317947120723,16.90853290359447,17.05317971626205
2023-09-28,1742,36000,598950,16.8,16.85,16.5,16.5,-0.2,32,16.6803592920261,16.75368918096267,16.791551169110225,16.896337891546874,17.049004775007244
2023-10-02,1742,53000,878600,16.95,16.95,16.5,16.6,0.1,32,16.653572861350735,16.725745693514913,16.774894545709337,16.88749198433652,17.04561605972417
2023-10-03,1742,17000,282300,16.55,16.65,16.55,16.6,0.0,11,16.635715240900492,16.702882840148565,16.759686324343306,16.87891013405782,17.04225291965078
2023-10-04,1742,26000,429200,16.55,16.55,16.5,16.5,-0.1,17,16.590476827266993,16.665995051030645,16.737104904835192,16.867599383787436,17.038160444785493
2023-10-05,1742,38000,628800,16.5,16.7,16.45,16.6,0.1,16,16.593651218177996,16.653995950843257,16.72518273919735,16.85961134248035,17.034853573504094
2023-10-06,1742,34000,562600,16.6,16.6,16.45,16.6,0.0,23,16.59576747878533,16.64417850523539,16.71429728361497,16.851861750167505,17.0315716597418
2023-10-11,1742,41000,679250,16.6,16.65,16.5,16.5,-0.1,23,16.563844985856885,16.61796423155623,16.69566273721367,16.84135841434161,17.027559798158844
2023-10-12,1742,65000,1072300,16.5,16.6,16.4,16.45,-0.05,30,16.525896657237922,16.587425280364187,16.674300760064654,16.829676073614994,17.023200856285946
2023-10-13,1742,82000,1350150,16.45,16.55,16.4,16.45,0.0,26,16.500597771491947,16.562438865752515,16.65479634614599,16.818342459477233,17.01887481208756
2023-10-16,1742,33000,544200,16.45,16.6,16.4,16.6,0.15,31,16.533731847661297,16.56926816288842,16.650031446481123,16.811824774119703,17.01571349275105
2023-10-17,1742,69000,1134900,16.5,16.5,16.4,16.4,-0.2,23,16.48915456510753,16.538492133272342,16.62828958156972,16.79953149728031,17.011066598466137
2023-10-18,1742,65000,1052550,16.35,16.5,16.0,16.0,-0.4,42,16.32610304340502,16.440584472677372,16.573655704911484,16.775664885421197,17.00343590715696
2023-10-19,1742,26000,418550,16.3,16.3,16.0,16.0,0.0,13,16.21740202893668,16.36047820491785,16.523772600136574,16.75251070973698,16.99586280597087
2023-10-20,1742,23000,370950,16.0,16.3,16.0,16.15,0.15,21,16.194934685957787,16.322209440387333,16.491270634907305,16.734525315416473,16.98947893573713
2023-10-23,1742,27000,438150,16.1,16.5,16.0,16.35,0.2,16,16.246623123971858,16.327262269407818,16.478986231871886,16.7230469477921,16.984652679618357
2023-10-24,1742,12000,195750,16.35,16.4,16.2,16.35,0.0,11,16.281082082647906,16.33139640224276,16.46777003779607,16.71191121800726,16.979862848074067
2023-10-25,1742,31000,505700,16.3,16.5,16.25,16.25,-0.1,24,16.270721388431937,16.31659705638044,16.448833512770324,16.698122823439878,16.974354449220677
2023-10-26,1742,57000,931650,16.25,16.4,16.2,16.3,0.05,43,16.28048092562129,16.313579409765815,16.4358914681816,16.686238560053614,16.969264981679387
2023-10-27,1742,14000,228600,16.3,16.4,16.3,16.4,0.1,7,16.32032061708086,16.329292244353848,16.43277047094842,16.67769412542515,16.964968642195014
2023-10-30,1742,90000,1479250,16.4,16.5,16.4,16.45,0.05,33,16.363547078053905,16.351239109016785,16.43426869086595,16.670897285860217,16.961082086404865
2023-10-31,1742,21000,344550,16.55,16.55,16.25,16.25,-0.2,14,16.325698052035936,16.33283199828646,16.418245326442822,16.658333187774836,16.955715429148977
2023-11-01,1742,52000,844100,16.25,16.35,16.1,16.25,0.0,22,16.300465368023957,16.317771634961648,16.40361529805649,16.6461441373935,16.95038927496672
2023-11-02,1742,38000,618450,16.25,16.3,16.25,16.25,0.0,25,16.28364357868264,16.305449519514077,16.390257446051578,16.63431893926235,16.94510331817452
2023-11-03,1742,36000,590100,16.3,16.55,16.25,16.45,0.2,25,16.339095719121758,16.331731425056972,16.395452450742745,16.628816881373922,16.94136668935811
2023-11-06,1742,39000,644850,16.6,16.7,16.4,16.4,-0.05,26,16.35939714608117,16.34414389322843,16.395847889808593,16.621986526706042,16.937280903023332
2023-11-07,1742,31000,511300,16.4,16.6,16.4,16.5,0.1,12,16.406264764054114,16.372481367186897,16.404904595042627,16.618345137849147,16.933980669792966
2023-11-08,1742,34000,560350,16.55,16.55,16.4,16.4,-0.1,14,16.40417650936941,16.377484754971096,16.404478108517182,16.611827372540215,16.929950627002075
2023-11-09,1742,44000,733600,16.65,16.75,16.65,16.65,0.25,29,16.48611767291294,16.427032981339988,16.42582783821134,16.612966853956927,16.927837792081306
2023-11-10,1742,179000,3020600,16.8,17.0,16.7,16.7,0.05,83,16.55741178194196,16.47666334836908,16.44966889575818,16.61556485831642,16.92611826157503
2023-11-13,1742,26000,434850,17.0,17.0,16.6,16.65,-0.05,21,16.58827452129464,16.508179103211067,16.467088991779207,16.616592772993542,16.924034350166917
2023-11-14,1742,16000,266600,16.6,16.85,16.6,16.6,-0.05,8,16.592183014196426,16.524873811718145,16.478646470754928,16.616097466337017,16.921588807901507
2023-11-15,1742,747000,13598500,17.75,18.25,17.7,18.25,1.65,346,17.14478867613095,16.83853311867848,16.632677212428412,16.664870676297106,16.931614552747533
2023-11-16,1742,1445000,25855550,18.4,18.5,17.1,17.35,-0.9,748,17.21319245075397,16.931527097100574,16.695053106999854,16.68532229790018,16.934772178764533
2023-11-17,1742,411000,7241550,17.5,17.9,17.35,17.6,0.25,228,17.342128300502647,17.05306762490047,16.77374414117378,16.71262610990316,16.939792766094612
2023-11-20,1742,139000,2441900,17.65,17.75,17.45,17.5,-0.1,87,17.3947522003351,17.13432805673675,16.83689682454997,16.736129808115006,16.944020745218427
2023-11-21,1742,237000,4131300,17.75,17.75,17.25,17.3,-0.2,132,17.363168133556734,17.164450228239158,16.87716666589345,16.752961754141424,16.946707381103572
2023-11-22,1742,154000,2690550,17.55,17.65,17.3,17.35,0.05,94,17.35877875570449,17.198186550377493,16.918282607989674,16.770783791331233,16.949751098982034
2023-11-23,1742,187000,3247800,17.45,17.5,17.25,17.5,0.15,90,17.405852503802993,17.25306172303613,16.96886672903405,16.792551439351197,16.95390392087651
2023-11-24,1742,216000,3745650,17.45,17.6,17.2,17.4,-0.1,96,17.403901669201996,17.279777773393196,17.006356578683263,16.810684232206384,16.957270683737818
2023-11-27,1742,123000,2114350,17.4,17.4,17.1,17.1,-0.3,77,17.30260111280133,17.247090905503523,17.01449948488472,16.819320523782313,16.958347886124702
2023-11-28,1742,141000,2447200,17.3,17.5,17.25,17.35,0.25,76,17.318400741867553,17.265801649957428,17.04367344272083,16.835161702176872,16.96130375113508
2023-11-29,1742,71000,1234900,17.4,17.45,17.25,17.4,0.05,41,17.345600494578367,17.29020134996517,17.074658360745108,16.852022546888012,16.964614666220854
2023-11-30,1742,82000,1430700,17.4,17.55,17.35,17.4,0.0,42,17.363733663052244,17.310164740880595,17.10294893807162,16.868380082801803,16.967900593268244
2023-12-01,1742,125000,2178950,17.45,17.5,17.4,17.5,0.1,68,17.409155775368163,17.34468024253867,17.13747511736974,16.887234408688315,16.97191643784735
2023-12-04,1742,219000,3869600,17.65,17.8,17.55,17.6,0.1,133,17.47277051691211,17.391102016622547,17.177694672381065,16.90851099350359,16.976656691146616
2023-12-05,1742,90000,1583150,17.75,17.75,17.5,17.6,0.0,58,17.515180344608073,17.42908346814572,17.21441687478271,16.92915245638408,16.981361168949284
2023-12-06,1742,69000,1208750,17.6,17.6,17.45,17.5,-0.1,52,17.510120229738714,17.441977383028316,17.239250190018996,16.946192681566647,16.98527542427797
2023-12-07,1742,73000,1280100,17.55,17.75,17.4,17.4,-0.1,50,17.473413486492475,17.434345131568623,17.25322843436517,16.95973916868406,16.98840542107587
2023-12-08,1742,134000,2336500,17.5,17.55,17.25,17.45,0.05,61,17.465608990994983,17.43719147128342,17.270339005289937,16.974373820365134,16.991889153746996
2023-12-11,1742,495000,8958700,18.4,18.5,17.8,17.9,0.45,255,17.610405993996654,17.521338476504617,17.325092135264725,17.00200445259304,16.99874282051117
2023-12-12,1742,156000,2784600,17.95,18.0,17.75,17.75,-0.15,89,17.656937329331104,17.562913298958325,17.362040645241706,17.024332677888772,17.004412686016746
2023-12-13,1742,111000,1975750,17.75,17.85,17.7,17.7,-0.05,51,17.671291552887403,17.587838153693173,17.391428415220687,17.044501851683137,17.009662401593978
2023-12-14,1742,169000,3021450,17.9,18.1,17.7,17.7,0.0,89,17.680861035258268,17.60823121665805,17.418260726940627,17.064068960588116,17.014872496676286
2023-12-15,1742,123000,2179900,17.95,17.95,17.6,17.6,-0.1,72,17.653907356838847,17.606734631811133,17.434064141989268,17.0800669020631,17.019288553305145
2023-12-18,1742,88000,1548400,17.7,17.7,17.5,17.55,-0.05,55,17.619271571225898,17.59641924420911,17.444145520946723,17.094094755732858,17.023293922714164
2023-12-19,1742,77000,1350050,17.65,17.65,17.5,17.6,0.05,36,17.6128477141506,17.597070290716545,17.45769808434266,17.10919640481546,17.02764642141066
2023-12-20,1742,97000,1696400,17.75,17.75,17.45,17.55,-0.05,47,17.5918984761004,17.58851205604081,17.46572433787808,17.122354721089625,17.031588712569828
2023-12-21,1742,34000,596000,17.65,17.65,17.4,17.5,-0.05,22,17.5612656507336,17.57241895494248,17.468704830236508,17.133627714489936,17.0351238920976
2023-12-22,1742,119000,2073850,17.5,17.5,17.35,17.45,-0.05,57,17.524177100489066,17.550160963134758,17.467078323259422,17.143071663311133,17.0382550325346
2023-12-25,1742,76000,1318050,17.5,17.5,17.3,17.35,-0.1,45,17.46611806699271,17.51376806074662,17.456897599497733,17.14924862858543,17.040607824741887
2023-12-26,1742,138000,2404100,17.4,17.5,17.3,17.5,0.15,64,17.477412044661808,17.511264776974507,17.460645634324017,17.15971881877691,17.044074935498553
2023-12-27,1742,54000,941200,17.5,17.5,17.4,17.4,-0.1,36,17.451608029774537,17.491034817524596,17.455372100904537,17.16689139135073,17.04676116240045
2023-12-28,1742,67000,1164150,17.55,17.55,17.35,17.45,0.05,31,17.45107201984969,17.483573941611034,17.454904961695448,17.175342394593994,17.049804474382334
2023-12-29,1742,61000,1060550,17.4,17.45,17.3,17.45,0.0,37,17.450714679899793,17.477469588590846,17.454478443287147,17.183541129083725,17.052824817971903
2024-01-02,1742,102000,1770900,17.4,17.4,17.3,17.3,-0.15,44,17.400476453266528,17.445202390665237,17.44104553517522,17.18701751329018,17.054690291043812
2024-01-03,1742,95000,1638250,17.25,17.3,17.2,17.2,-0.1,52,17.333650968844353,17.40062013781701,17.420085053855637,17.18740505020689,17.055786968092537
2024-01-04,1742,34000,587700,17.25,17.35,17.25,17.25,0.05,22,17.305767312562903,17.373234658213917,17.405295049172537,17.189273556170864,17.057252726823915
2024-01-05,1742,19000,329650,17.25,17.4,17.25,17.35,0.1,12,17.3205115417086,17.369010174902296,17.4004867840271,17.19407136046427,17.059462140206374
2024-01-08,1742,39000,676450,17.35,17.45,17.25,17.25,-0.1,33,17.297007694472402,17.3473719612837,17.387400976720393,17.195740872092202,17.06090016178972
2024-01-09,1742,45000,774850,17.3,17.3,17.15,17.15,-0.1,35,17.248005129648266,17.311486150141207,17.366757413527314,17.19437547292527,17.061572613398855
2024-01-10,1742,32000,549900,17.2,17.3,17.1,17.2,0.05,23,17.232003419765512,17.291215941024625,17.352256768872763,17.194543369255857,17.06261734839207
2024-01-11,1742,293000,4852300,16.55,16.9,16.35,16.75,-0.45,169,17.07133561317701,17.19281304265651,17.29988661505774,17.181273417934786,17.06025797217779
2024-01-12,1742,345000,5664800,16.5,16.75,16.25,16.25,-0.5,140,16.79755707545134,17.021392489446235,17.20859212679185,17.15347421142927,17.054142817670787
